-2.355000000000000000e+02
-1.595000000000000000e+02
-1.160000000000000000e+02
-1.530000000000000000e+02
-1.260000000000000000e+02
-1.535000000000000000e+02
-2.140000000000000000e+02
-1.440000000000000000e+02
-2.290000000000000000e+02
-1.800000000000000000e+02
-2.060000000000000000e+02
-1.635000000000000000e+02
-1.965000000000000000e+02
-1.135000000000000000e+02
-1.960000000000000000e+02
-1.830000000000000000e+02
-1.700000000000000000e+02
-2.710000000000000000e+02
-1.335000000000000000e+02
-1.750000000000000000e+02
-1.730000000000000000e+02
-1.170000000000000000e+02
-1.860000000000000000e+02
-1.920000000000000000e+02
-1.490000000000000000e+02
-1.800000000000000000e+02
-1.300000000000000000e+02
-1.420000000000000000e+02
-1.400000000000000000e+02
-5.250000000000000000e+01
-1.970000000000000000e+02
-1.035000000000000000e+02
-9.950000000000000000e+01
-1.695000000000000000e+02
-1.625000000000000000e+02
1.000000000000000000e+01
-7.800000000000000000e+01
-1.600000000000000000e+02
-1.950000000000000000e+02
-1.000000000000000000e+01
-8.450000000000000000e+01
-8.400000000000000000e+01
-8.450000000000000000e+01
-8.550000000000000000e+01
-1.705000000000000000e+02
-2.670000000000000000e+02
-1.220000000000000000e+02
-4.850000000000000000e+01
-1.435000000000000000e+02
-6.450000000000000000e+01
-1.110000000000000000e+02
-8.700000000000000000e+01
-1.870000000000000000e+02
-8.000000000000000000e+01
-2.500000000000000000e+01
-1.290000000000000000e+02
-8.200000000000000000e+01
1.550000000000000000e+01
-3.900000000000000000e+01
-1.690000000000000000e+02
-1.765000000000000000e+02
4.900000000000000000e+01
-4.150000000000000000e+01
-3.400000000000000000e+01
-1.150000000000000000e+01
-1.700000000000000000e+01
-4.450000000000000000e+01
-1.270000000000000000e+02
4.000000000000000000e+00
-4.300000000000000000e+01
-1.060000000000000000e+02
-3.250000000000000000e+01
-1.135000000000000000e+02
-8.800000000000000000e+01
-1.150000000000000000e+01
-1.560000000000000000e+02
1.750000000000000000e+01
-1.035000000000000000e+02
3.850000000000000000e+01
-1.000000000000000000e+01
-5.000000000000000000e+01
4.300000000000000000e+01
-1.130000000000000000e+02
-1.150000000000000000e+01
-5.050000000000000000e+01
1.500000000000000000e+00
-5.950000000000000000e+01
-1.520000000000000000e+02
-3.800000000000000000e+01
-2.900000000000000000e+01
-1.050000000000000000e+02
5.500000000000000000e+00
-7.550000000000000000e+01
1.150000000000000000e+02
5.700000000000000000e+01
1.500000000000000000e+00
1.750000000000000000e+01
-7.400000000000000000e+01
-5.000000000000000000e-01
1.400000000000000000e+01
1.305000000000000000e+02
1.450000000000000000e+01
-3.200000000000000000e+01
1.015000000000000000e+02
-9.250000000000000000e+01
-4.050000000000000000e+01
3.500000000000000000e+01
9.050000000000000000e+01
2.310000000000000000e+02
6.900000000000000000e+01
4.750000000000000000e+01
8.350000000000000000e+01
1.080000000000000000e+02
2.850000000000000000e+01
1.035000000000000000e+02
6.850000000000000000e+01
1.200000000000000000e+02
1.705000000000000000e+02
1.405000000000000000e+02
1.035000000000000000e+02
4.850000000000000000e+01
5.900000000000000000e+01
1.125000000000000000e+02
1.305000000000000000e+02
3.350000000000000000e+01
1.705000000000000000e+02
2.585000000000000000e+02
8.750000000000000000e+01
1.945000000000000000e+02
8.750000000000000000e+01
6.400000000000000000e+01
5.700000000000000000e+01
5.500000000000000000e+01
3.600000000000000000e+01
1.605000000000000000e+02
8.900000000000000000e+01
9.300000000000000000e+01
6.750000000000000000e+01
4.000000000000000000e+00
1.300000000000000000e+01
1.895000000000000000e+02
1.650000000000000000e+02
2.030000000000000000e+02
2.015000000000000000e+02
-1.650000000000000000e+01
2.005000000000000000e+02
1.545000000000000000e+02
2.405000000000000000e+02
2.570000000000000000e+02
1.550000000000000000e+02
1.220000000000000000e+02
2.335000000000000000e+02
1.615000000000000000e+02
1.465000000000000000e+02
1.945000000000000000e+02
1.500000000000000000e+02
1.525000000000000000e+02
1.090000000000000000e+02
1.345000000000000000e+02
2.135000000000000000e+02
3.355000000000000000e+02
2.085000000000000000e+02
2.660000000000000000e+02
2.005000000000000000e+02
1.740000000000000000e+02
2.565000000000000000e+02
1.540000000000000000e+02
1.940000000000000000e+02
2.985000000000000000e+02
1.030000000000000000e+02
2.145000000000000000e+02
1.705000000000000000e+02
2.125000000000000000e+02
1.960000000000000000e+02
1.820000000000000000e+02
2.420000000000000000e+02
1.945000000000000000e+02
2.010000000000000000e+02
2.210000000000000000e+02
2.000000000000000000e+02
2.575000000000000000e+02
2.680000000000000000e+02
2.175000000000000000e+02
2.925000000000000000e+02
2.920000000000000000e+02
1.485000000000000000e+02
2.430000000000000000e+02
3.130000000000000000e+02
2.820000000000000000e+02
3.485000000000000000e+02
3.665000000000000000e+02
2.145000000000000000e+02
3.135000000000000000e+02
3.095000000000000000e+02
2.785000000000000000e+02
2.335000000000000000e+02
3.030000000000000000e+02
3.745000000000000000e+02
2.840000000000000000e+02
2.175000000000000000e+02
2.790000000000000000e+02
4.980000000000000000e+02
3.675000000000000000e+02
3.395000000000000000e+02
3.215000000000000000e+02
3.320000000000000000e+02
2.445000000000000000e+02
3.825000000000000000e+02
3.750000000000000000e+02
3.675000000000000000e+02
4.080000000000000000e+02
3.290000000000000000e+02
3.060000000000000000e+02
3.955000000000000000e+02
2.630000000000000000e+02
2.745000000000000000e+02
3.610000000000000000e+02
3.330000000000000000e+02
5.005000000000000000e+02
3.995000000000000000e+02
3.800000000000000000e+02
4.520000000000000000e+02
4.045000000000000000e+02
3.255000000000000000e+02
4.825000000000000000e+02
3.355000000000000000e+02
4.195000000000000000e+02
2.715000000000000000e+02
4.050000000000000000e+02
5.080000000000000000e+02
4.545000000000000000e+02
3.640000000000000000e+02
3.240000000000000000e+02
4.350000000000000000e+02
4.375000000000000000e+02
2.825000000000000000e+02
3.760000000000000000e+02
3.835000000000000000e+02
3.980000000000000000e+02
4.790000000000000000e+02
4.610000000000000000e+02
3.900000000000000000e+02
4.850000000000000000e+02
4.280000000000000000e+02
5.310000000000000000e+02
4.780000000000000000e+02
3.790000000000000000e+02
4.485000000000000000e+02
5.045000000000000000e+02
4.590000000000000000e+02
5.285000000000000000e+02
5.425000000000000000e+02
4.570000000000000000e+02
4.660000000000000000e+02
4.670000000000000000e+02
5.570000000000000000e+02
4.625000000000000000e+02
5.060000000000000000e+02
4.180000000000000000e+02
5.130000000000000000e+02
4.850000000000000000e+02
5.400000000000000000e+02
5.475000000000000000e+02
3.865000000000000000e+02
5.525000000000000000e+02
5.045000000000000000e+02
5.085000000000000000e+02
5.090000000000000000e+02
5.150000000000000000e+02
5.580000000000000000e+02
5.695000000000000000e+02
5.525000000000000000e+02
3.925000000000000000e+02
5.020000000000000000e+02
5.515000000000000000e+02
4.495000000000000000e+02
6.190000000000000000e+02
6.355000000000000000e+02
5.995000000000000000e+02
5.905000000000000000e+02
6.655000000000000000e+02
5.780000000000000000e+02
5.585000000000000000e+02
5.635000000000000000e+02
6.225000000000000000e+02
6.445000000000000000e+02
5.895000000000000000e+02
5.515000000000000000e+02
5.580000000000000000e+02
5.575000000000000000e+02
4.175000000000000000e+02
6.130000000000000000e+02
6.790000000000000000e+02
6.590000000000000000e+02
5.810000000000000000e+02
7.265000000000000000e+02
5.625000000000000000e+02
7.435000000000000000e+02
6.085000000000000000e+02
6.095000000000000000e+02
7.355000000000000000e+02
7.005000000000000000e+02
6.165000000000000000e+02
6.040000000000000000e+02
5.525000000000000000e+02
5.880000000000000000e+02
6.055000000000000000e+02
6.535000000000000000e+02
7.125000000000000000e+02
4.790000000000000000e+02
6.170000000000000000e+02
6.970000000000000000e+02
5.440000000000000000e+02
7.060000000000000000e+02
7.170000000000000000e+02
6.185000000000000000e+02
6.875000000000000000e+02
6.930000000000000000e+02
6.515000000000000000e+02
6.605000000000000000e+02
6.920000000000000000e+02
7.595000000000000000e+02
5.765000000000000000e+02
7.270000000000000000e+02
5.900000000000000000e+02
9.760000000000000000e+02
8.230000000000000000e+02
7.105000000000000000e+02
7.240000000000000000e+02
7.035000000000000000e+02
7.670000000000000000e+02
7.170000000000000000e+02
5.985000000000000000e+02
5.680000000000000000e+02
7.095000000000000000e+02
6.485000000000000000e+02
7.515000000000000000e+02
6.930000000000000000e+02
8.905000000000000000e+02
6.655000000000000000e+02
8.360000000000000000e+02
9.060000000000000000e+02
8.170000000000000000e+02
8.595000000000000000e+02
7.405000000000000000e+02
7.310000000000000000e+02
8.955000000000000000e+02
8.060000000000000000e+02
6.880000000000000000e+02
8.045000000000000000e+02
7.675000000000000000e+02
8.500000000000000000e+02
7.950000000000000000e+02
7.130000000000000000e+02
7.435000000000000000e+02
8.205000000000000000e+02
8.265000000000000000e+02
6.330000000000000000e+02
8.765000000000000000e+02
7.005000000000000000e+02
7.265000000000000000e+02
8.170000000000000000e+02
7.880000000000000000e+02
7.850000000000000000e+02
8.100000000000000000e+02
6.075000000000000000e+02
8.375000000000000000e+02
6.820000000000000000e+02
1.011000000000000000e+03
7.955000000000000000e+02
8.835000000000000000e+02
8.880000000000000000e+02
6.680000000000000000e+02
8.275000000000000000e+02
9.335000000000000000e+02
8.390000000000000000e+02
8.955000000000000000e+02
9.400000000000000000e+02
8.640000000000000000e+02
8.195000000000000000e+02
9.705000000000000000e+02
9.730000000000000000e+02
9.185000000000000000e+02
9.235000000000000000e+02
8.965000000000000000e+02
8.545000000000000000e+02
8.360000000000000000e+02
9.100000000000000000e+02
9.360000000000000000e+02
9.035000000000000000e+02
9.290000000000000000e+02
9.955000000000000000e+02
8.900000000000000000e+02
8.870000000000000000e+02
9.605000000000000000e+02
7.965000000000000000e+02
9.185000000000000000e+02
1.002500000000000000e+03
9.040000000000000000e+02
1.026500000000000000e+03
9.025000000000000000e+02
1.054000000000000000e+03
9.250000000000000000e+02
8.680000000000000000e+02
8.715000000000000000e+02
8.475000000000000000e+02
9.795000000000000000e+02
8.685000000000000000e+02
9.205000000000000000e+02
1.120500000000000000e+03
1.075000000000000000e+03
9.710000000000000000e+02
1.096500000000000000e+03
9.720000000000000000e+02
1.018500000000000000e+03
1.004500000000000000e+03
9.440000000000000000e+02
1.029000000000000000e+03
9.590000000000000000e+02
9.040000000000000000e+02
1.092500000000000000e+03
1.006000000000000000e+03
1.032000000000000000e+03
1.191500000000000000e+03
1.094000000000000000e+03
9.165000000000000000e+02
1.073500000000000000e+03
1.050000000000000000e+03
9.715000000000000000e+02
1.048500000000000000e+03
1.127000000000000000e+03
9.240000000000000000e+02
1.075500000000000000e+03
1.098500000000000000e+03
1.048000000000000000e+03
1.204000000000000000e+03
8.655000000000000000e+02
1.033500000000000000e+03
1.185500000000000000e+03
9.470000000000000000e+02
1.135500000000000000e+03
1.136500000000000000e+03
1.023000000000000000e+03
1.110000000000000000e+03
1.107000000000000000e+03
1.212500000000000000e+03
1.028500000000000000e+03
1.250500000000000000e+03
1.082500000000000000e+03
1.097000000000000000e+03
1.230000000000000000e+03
1.180500000000000000e+03
1.144000000000000000e+03
1.030000000000000000e+03
1.112000000000000000e+03
1.179500000000000000e+03
1.230000000000000000e+03
1.179500000000000000e+03
1.198500000000000000e+03
1.084500000000000000e+03
1.178500000000000000e+03
1.187500000000000000e+03
9.655000000000000000e+02
1.145500000000000000e+03
1.193500000000000000e+03
9.670000000000000000e+02
1.228000000000000000e+03
1.192500000000000000e+03
1.011500000000000000e+03
1.140000000000000000e+03
1.141000000000000000e+03
1.228500000000000000e+03
1.057500000000000000e+03
1.175000000000000000e+03
1.132500000000000000e+03
1.023500000000000000e+03
1.166000000000000000e+03
1.172000000000000000e+03
1.194500000000000000e+03
9.890000000000000000e+02
9.275000000000000000e+02
1.144500000000000000e+03
1.003500000000000000e+03
1.265500000000000000e+03
1.222000000000000000e+03
1.174500000000000000e+03
1.264000000000000000e+03
1.141000000000000000e+03
1.319000000000000000e+03
1.238000000000000000e+03
1.250500000000000000e+03
1.346000000000000000e+03
1.350000000000000000e+03
1.350000000000000000e+03
1.253000000000000000e+03
1.263000000000000000e+03
1.238500000000000000e+03
1.162500000000000000e+03
1.257500000000000000e+03
1.309000000000000000e+03
1.303000000000000000e+03
1.173000000000000000e+03
1.229000000000000000e+03
1.201500000000000000e+03
1.233500000000000000e+03
1.170000000000000000e+03
1.296000000000000000e+03
1.196000000000000000e+03
1.073500000000000000e+03
1.005500000000000000e+03
1.199500000000000000e+03
1.255000000000000000e+03
1.120500000000000000e+03
1.238500000000000000e+03
1.178000000000000000e+03
1.108500000000000000e+03
1.071000000000000000e+03
1.325000000000000000e+03
1.169500000000000000e+03
1.238500000000000000e+03
1.301000000000000000e+03
1.172500000000000000e+03
1.145000000000000000e+03
1.255000000000000000e+03
1.344000000000000000e+03
1.104500000000000000e+03
1.207000000000000000e+03
1.203500000000000000e+03
1.188000000000000000e+03
1.327000000000000000e+03
1.319500000000000000e+03
1.313500000000000000e+03
1.238000000000000000e+03
1.342000000000000000e+03
1.110500000000000000e+03
1.229000000000000000e+03
1.285000000000000000e+03
1.158500000000000000e+03
1.188000000000000000e+03
1.279000000000000000e+03
1.278500000000000000e+03
1.272500000000000000e+03
1.316000000000000000e+03
1.285000000000000000e+03
1.266000000000000000e+03
1.316000000000000000e+03
1.115000000000000000e+03
1.381500000000000000e+03
1.269000000000000000e+03
1.450500000000000000e+03
1.403000000000000000e+03
1.435500000000000000e+03
1.408000000000000000e+03
1.186000000000000000e+03
1.434500000000000000e+03
1.392000000000000000e+03
1.302000000000000000e+03
1.416500000000000000e+03
1.444000000000000000e+03
1.406500000000000000e+03
1.485000000000000000e+03
1.392500000000000000e+03
1.435500000000000000e+03
1.467500000000000000e+03
1.428000000000000000e+03
1.483000000000000000e+03
1.224500000000000000e+03
1.386000000000000000e+03
1.360000000000000000e+03
1.381000000000000000e+03
1.480500000000000000e+03
1.499500000000000000e+03
1.414500000000000000e+03
1.481500000000000000e+03
1.608500000000000000e+03
1.495500000000000000e+03
1.523500000000000000e+03
1.630500000000000000e+03
1.542500000000000000e+03
1.599000000000000000e+03
1.592000000000000000e+03
1.576500000000000000e+03
1.634500000000000000e+03
1.549000000000000000e+03
1.471500000000000000e+03
1.589000000000000000e+03
1.526500000000000000e+03
1.643500000000000000e+03
1.541000000000000000e+03
1.610000000000000000e+03
1.622500000000000000e+03
1.654000000000000000e+03
1.594000000000000000e+03
1.451000000000000000e+03
1.545500000000000000e+03
1.526000000000000000e+03
1.393500000000000000e+03
1.513000000000000000e+03
1.551500000000000000e+03
1.603000000000000000e+03
1.607500000000000000e+03
1.537500000000000000e+03
1.463500000000000000e+03
1.583000000000000000e+03
1.482500000000000000e+03
1.556000000000000000e+03
1.694000000000000000e+03
1.665000000000000000e+03
1.603500000000000000e+03
1.668500000000000000e+03
1.561000000000000000e+03
1.675500000000000000e+03
1.672000000000000000e+03
1.597500000000000000e+03
1.624000000000000000e+03
1.605000000000000000e+03
1.676500000000000000e+03
1.623500000000000000e+03
1.686000000000000000e+03
1.640500000000000000e+03
1.573500000000000000e+03
1.760000000000000000e+03
1.685500000000000000e+03
1.692500000000000000e+03
1.652000000000000000e+03
1.646500000000000000e+03
1.744000000000000000e+03
1.718500000000000000e+03
1.699500000000000000e+03
1.813000000000000000e+03
1.654500000000000000e+03
1.697500000000000000e+03
1.750500000000000000e+03
1.693500000000000000e+03
1.767000000000000000e+03
1.744000000000000000e+03
1.646000000000000000e+03
1.788000000000000000e+03
1.824500000000000000e+03
1.765500000000000000e+03
1.815000000000000000e+03
1.758000000000000000e+03
1.707500000000000000e+03
1.676500000000000000e+03
1.799000000000000000e+03
1.779000000000000000e+03
1.759500000000000000e+03
1.845000000000000000e+03
1.802500000000000000e+03
1.831000000000000000e+03
1.748500000000000000e+03
1.823500000000000000e+03
1.684500000000000000e+03
1.582000000000000000e+03
1.740500000000000000e+03
1.714500000000000000e+03
1.805000000000000000e+03
1.654500000000000000e+03
1.707000000000000000e+03
1.735000000000000000e+03
1.611500000000000000e+03
1.603000000000000000e+03
1.625500000000000000e+03
1.695500000000000000e+03
1.716000000000000000e+03
1.609000000000000000e+03
1.582000000000000000e+03
1.631500000000000000e+03
1.535000000000000000e+03
1.620500000000000000e+03
1.696500000000000000e+03
1.660500000000000000e+03
1.713500000000000000e+03
1.659000000000000000e+03
1.648500000000000000e+03
1.576500000000000000e+03
1.561500000000000000e+03
1.736500000000000000e+03
1.699500000000000000e+03
1.756500000000000000e+03
1.825500000000000000e+03
1.762500000000000000e+03
1.622000000000000000e+03
1.779000000000000000e+03
1.705500000000000000e+03
1.659000000000000000e+03
1.878500000000000000e+03
1.853000000000000000e+03
1.848500000000000000e+03
1.857500000000000000e+03
1.876500000000000000e+03
1.735000000000000000e+03
1.688500000000000000e+03
1.830000000000000000e+03
1.870500000000000000e+03
1.920000000000000000e+03
1.851000000000000000e+03
1.882000000000000000e+03
1.904000000000000000e+03
1.856500000000000000e+03
1.828500000000000000e+03
1.906500000000000000e+03
1.933000000000000000e+03
1.701000000000000000e+03
1.870000000000000000e+03
1.824000000000000000e+03
1.863000000000000000e+03
1.927000000000000000e+03
1.926500000000000000e+03
1.959500000000000000e+03
1.931000000000000000e+03
1.918500000000000000e+03
1.934000000000000000e+03
1.892500000000000000e+03
1.934500000000000000e+03
1.949500000000000000e+03
1.985000000000000000e+03
1.936500000000000000e+03
1.933000000000000000e+03
1.949500000000000000e+03
1.913000000000000000e+03
1.956000000000000000e+03
1.937500000000000000e+03
1.962500000000000000e+03
1.940000000000000000e+03
1.954500000000000000e+03
1.946500000000000000e+03
1.969000000000000000e+03
1.948000000000000000e+03
1.947000000000000000e+03
1.905000000000000000e+03
1.927500000000000000e+03
1.977500000000000000e+03
1.924000000000000000e+03
1.939500000000000000e+03
1.948500000000000000e+03
1.903500000000000000e+03
1.935500000000000000e+03
1.915000000000000000e+03
1.957500000000000000e+03
1.985000000000000000e+03
1.995000000000000000e+03
1.936500000000000000e+03
1.973000000000000000e+03
1.959000000000000000e+03
1.945500000000000000e+03
1.978500000000000000e+03
1.959500000000000000e+03
1.949500000000000000e+03
1.926000000000000000e+03
1.972000000000000000e+03
1.931000000000000000e+03
1.948500000000000000e+03
1.956000000000000000e+03
1.924000000000000000e+03
1.974500000000000000e+03
1.944500000000000000e+03
1.959500000000000000e+03
1.916500000000000000e+03
1.938000000000000000e+03
1.936500000000000000e+03
1.906500000000000000e+03
1.837000000000000000e+03
1.849000000000000000e+03
1.906000000000000000e+03
1.972000000000000000e+03
1.965000000000000000e+03
1.979000000000000000e+03
1.907500000000000000e+03
1.906500000000000000e+03
1.977000000000000000e+03
1.951000000000000000e+03
1.912500000000000000e+03
1.894000000000000000e+03
1.947500000000000000e+03
1.949000000000000000e+03
1.924000000000000000e+03
1.945500000000000000e+03
1.945500000000000000e+03
1.920500000000000000e+03
1.983500000000000000e+03
1.878500000000000000e+03
1.923000000000000000e+03
1.953000000000000000e+03
1.985500000000000000e+03
1.972500000000000000e+03
1.938000000000000000e+03
1.956000000000000000e+03
1.942000000000000000e+03
1.960000000000000000e+03
1.882000000000000000e+03
1.919500000000000000e+03
1.891000000000000000e+03
1.835000000000000000e+03
1.886500000000000000e+03
1.931000000000000000e+03
1.911000000000000000e+03
1.962000000000000000e+03
1.935000000000000000e+03
1.924500000000000000e+03
1.909500000000000000e+03
1.924000000000000000e+03
1.941000000000000000e+03
1.883000000000000000e+03
1.908500000000000000e+03
1.941000000000000000e+03
1.957500000000000000e+03
1.947500000000000000e+03
1.937500000000000000e+03
1.893000000000000000e+03
1.875500000000000000e+03
1.795000000000000000e+03
1.872500000000000000e+03
1.915000000000000000e+03
1.881000000000000000e+03
1.902000000000000000e+03
1.834000000000000000e+03
1.892000000000000000e+03
1.866500000000000000e+03
1.918000000000000000e+03
1.874500000000000000e+03
1.836000000000000000e+03
1.804000000000000000e+03
1.682000000000000000e+03
1.836500000000000000e+03
1.844500000000000000e+03
1.840000000000000000e+03
1.892500000000000000e+03
1.875000000000000000e+03
1.895500000000000000e+03
1.921500000000000000e+03
1.864000000000000000e+03
1.944500000000000000e+03
1.918000000000000000e+03
1.888500000000000000e+03
1.952500000000000000e+03
1.968500000000000000e+03
1.926000000000000000e+03
1.925500000000000000e+03
1.895000000000000000e+03
1.895000000000000000e+03
1.827500000000000000e+03
1.983000000000000000e+03
1.960500000000000000e+03
1.935000000000000000e+03
1.891500000000000000e+03
1.884000000000000000e+03
1.972500000000000000e+03
1.929500000000000000e+03
1.874000000000000000e+03
1.924500000000000000e+03
1.965500000000000000e+03
1.958000000000000000e+03
1.948500000000000000e+03
1.982500000000000000e+03
1.939500000000000000e+03
1.948000000000000000e+03
1.917500000000000000e+03
1.993000000000000000e+03
1.952000000000000000e+03
1.965000000000000000e+03
1.884500000000000000e+03
1.917500000000000000e+03
1.895500000000000000e+03
1.921500000000000000e+03
1.864000000000000000e+03
1.944500000000000000e+03
1.918000000000000000e+03
1.888500000000000000e+03
1.952500000000000000e+03
1.968500000000000000e+03
1.926000000000000000e+03
1.925500000000000000e+03
1.895000000000000000e+03
1.895000000000000000e+03
1.827500000000000000e+03
1.983000000000000000e+03
1.960500000000000000e+03
1.935000000000000000e+03
1.891500000000000000e+03
1.884000000000000000e+03
1.972500000000000000e+03
1.929500000000000000e+03
1.874000000000000000e+03
1.924500000000000000e+03
1.965500000000000000e+03
1.958000000000000000e+03
1.948500000000000000e+03
1.982500000000000000e+03
1.939500000000000000e+03
1.948000000000000000e+03
1.917500000000000000e+03
1.993000000000000000e+03
1.952000000000000000e+03
1.965000000000000000e+03
1.961500000000000000e+03
1.937000000000000000e+03
1.952500000000000000e+03
1.903000000000000000e+03
1.972500000000000000e+03
1.974500000000000000e+03
1.950000000000000000e+03
1.931000000000000000e+03
1.978000000000000000e+03
1.973500000000000000e+03
1.939000000000000000e+03
1.954000000000000000e+03
1.964500000000000000e+03
1.975000000000000000e+03
1.976000000000000000e+03
1.918500000000000000e+03
1.944500000000000000e+03
1.953500000000000000e+03
1.962500000000000000e+03
1.943500000000000000e+03
1.962500000000000000e+03
1.963500000000000000e+03
1.911500000000000000e+03
1.900500000000000000e+03
1.939000000000000000e+03
1.972000000000000000e+03
1.984000000000000000e+03
1.988000000000000000e+03
1.966500000000000000e+03
1.964500000000000000e+03
1.930500000000000000e+03
1.965000000000000000e+03
1.937500000000000000e+03
1.933500000000000000e+03
1.931500000000000000e+03
1.958500000000000000e+03
1.956000000000000000e+03
1.845500000000000000e+03
1.871500000000000000e+03
1.884000000000000000e+03
1.872500000000000000e+03
1.935000000000000000e+03
1.894500000000000000e+03
1.909000000000000000e+03
1.963000000000000000e+03
1.906000000000000000e+03
1.949000000000000000e+03
1.972500000000000000e+03
1.896000000000000000e+03
1.941500000000000000e+03
1.937500000000000000e+03
1.953000000000000000e+03
1.966500000000000000e+03
1.940500000000000000e+03
1.991000000000000000e+03
1.889000000000000000e+03
1.938000000000000000e+03
1.924500000000000000e+03
1.950000000000000000e+03
1.964500000000000000e+03
1.980500000000000000e+03
1.949500000000000000e+03
1.960000000000000000e+03
1.897500000000000000e+03
1.929000000000000000e+03
1.916000000000000000e+03
1.956000000000000000e+03
1.952000000000000000e+03
1.981000000000000000e+03
1.966500000000000000e+03
1.973500000000000000e+03
1.972500000000000000e+03
1.899500000000000000e+03
1.945000000000000000e+03
1.932000000000000000e+03
1.924000000000000000e+03
1.952000000000000000e+03
1.937500000000000000e+03
1.925500000000000000e+03
1.980500000000000000e+03
1.959500000000000000e+03
1.932000000000000000e+03
1.941000000000000000e+03
1.963500000000000000e+03
1.920500000000000000e+03
1.960500000000000000e+03
1.887500000000000000e+03
1.877000000000000000e+03
1.909000000000000000e+03
1.910500000000000000e+03
1.938500000000000000e+03
1.911000000000000000e+03
1.909000000000000000e+03
1.993000000000000000e+03
1.946500000000000000e+03
1.919000000000000000e+03
1.970500000000000000e+03
1.926000000000000000e+03
1.972500000000000000e+03
1.953500000000000000e+03
1.960500000000000000e+03
1.977500000000000000e+03
1.943000000000000000e+03
1.925500000000000000e+03
1.622500000000000000e+03
1.758000000000000000e+03
1.627500000000000000e+03
1.622500000000000000e+03
1.587500000000000000e+03
1.648500000000000000e+03
1.661500000000000000e+03
1.692500000000000000e+03
1.706000000000000000e+03
1.643000000000000000e+03
1.644500000000000000e+03
1.649500000000000000e+03
1.647500000000000000e+03
1.594500000000000000e+03
1.513000000000000000e+03
1.569000000000000000e+03
1.665500000000000000e+03
1.635000000000000000e+03
1.623500000000000000e+03
1.510000000000000000e+03
1.668500000000000000e+03
1.602500000000000000e+03
1.649500000000000000e+03
1.590000000000000000e+03
1.581500000000000000e+03
1.623000000000000000e+03
1.525000000000000000e+03
1.521500000000000000e+03
1.498500000000000000e+03
1.475000000000000000e+03
1.490000000000000000e+03
1.699500000000000000e+03
1.585500000000000000e+03
1.626000000000000000e+03
1.620000000000000000e+03
1.547000000000000000e+03
1.562000000000000000e+03
1.518500000000000000e+03
1.577500000000000000e+03
1.576000000000000000e+03
1.545000000000000000e+03
1.565500000000000000e+03
1.558500000000000000e+03
1.487000000000000000e+03
1.471000000000000000e+03
1.640000000000000000e+03
1.608500000000000000e+03
1.614500000000000000e+03
1.555500000000000000e+03
1.474500000000000000e+03
1.605500000000000000e+03
1.494500000000000000e+03
1.378000000000000000e+03
1.357500000000000000e+03
1.456000000000000000e+03
1.420000000000000000e+03
1.357500000000000000e+03
1.377000000000000000e+03
1.395000000000000000e+03
1.438500000000000000e+03
1.460500000000000000e+03
1.418000000000000000e+03
1.471000000000000000e+03
1.458500000000000000e+03
1.468000000000000000e+03
1.557500000000000000e+03
1.578000000000000000e+03
1.425500000000000000e+03
1.470000000000000000e+03
1.442000000000000000e+03
1.493000000000000000e+03
1.488500000000000000e+03
1.502000000000000000e+03
1.551000000000000000e+03
1.396000000000000000e+03
1.341000000000000000e+03
1.505500000000000000e+03
1.558000000000000000e+03
1.600500000000000000e+03
1.648000000000000000e+03
1.523000000000000000e+03
1.477500000000000000e+03
1.458500000000000000e+03
1.502000000000000000e+03
1.601500000000000000e+03
1.499500000000000000e+03
1.587500000000000000e+03
1.532500000000000000e+03
1.616000000000000000e+03
1.565000000000000000e+03
1.480000000000000000e+03
1.499500000000000000e+03
1.509500000000000000e+03
1.473500000000000000e+03
1.550000000000000000e+03
1.431500000000000000e+03
1.472000000000000000e+03
1.436000000000000000e+03
1.580500000000000000e+03
1.570000000000000000e+03
1.444500000000000000e+03
1.341500000000000000e+03
1.296500000000000000e+03
1.371000000000000000e+03
1.383500000000000000e+03
1.400000000000000000e+03
1.428000000000000000e+03
1.496000000000000000e+03
1.382500000000000000e+03
1.273500000000000000e+03
1.345500000000000000e+03
1.365000000000000000e+03
1.379500000000000000e+03
1.394000000000000000e+03
1.426500000000000000e+03
1.405000000000000000e+03
1.366500000000000000e+03
1.410500000000000000e+03
1.432500000000000000e+03
1.375000000000000000e+03
1.450500000000000000e+03
1.378000000000000000e+03
1.585500000000000000e+03
1.484500000000000000e+03
1.535500000000000000e+03
1.546500000000000000e+03
1.611000000000000000e+03
1.540500000000000000e+03
1.539500000000000000e+03
1.577500000000000000e+03
1.551000000000000000e+03
1.528500000000000000e+03
1.497500000000000000e+03
1.620500000000000000e+03
1.663500000000000000e+03
1.550000000000000000e+03
1.530500000000000000e+03
1.637000000000000000e+03
1.608000000000000000e+03
1.554500000000000000e+03
1.589000000000000000e+03
1.631500000000000000e+03
1.484500000000000000e+03
1.571000000000000000e+03
1.595500000000000000e+03
1.554500000000000000e+03
1.531500000000000000e+03
1.519500000000000000e+03
1.629000000000000000e+03
1.508000000000000000e+03
1.562000000000000000e+03
1.560500000000000000e+03
1.570500000000000000e+03
1.621000000000000000e+03
1.609500000000000000e+03
1.540000000000000000e+03
1.644000000000000000e+03
1.584000000000000000e+03
1.502000000000000000e+03
1.708500000000000000e+03
1.617000000000000000e+03
1.547000000000000000e+03
1.568000000000000000e+03
1.613500000000000000e+03
1.534500000000000000e+03
1.650500000000000000e+03
1.626500000000000000e+03
1.715000000000000000e+03
1.676500000000000000e+03
1.616500000000000000e+03
1.615000000000000000e+03
1.748500000000000000e+03
1.586500000000000000e+03
1.671000000000000000e+03
1.592500000000000000e+03
1.705500000000000000e+03
1.755000000000000000e+03
1.664500000000000000e+03
1.659500000000000000e+03
1.627500000000000000e+03
1.729000000000000000e+03
1.640500000000000000e+03
1.612500000000000000e+03
1.653000000000000000e+03
1.511000000000000000e+03
1.645500000000000000e+03
1.603000000000000000e+03
1.685500000000000000e+03
1.616000000000000000e+03
1.637500000000000000e+03
1.670000000000000000e+03
1.600000000000000000e+03
1.644500000000000000e+03
1.625000000000000000e+03
1.611000000000000000e+03
1.643500000000000000e+03
1.667500000000000000e+03
1.665500000000000000e+03
1.636000000000000000e+03
1.642500000000000000e+03
1.575000000000000000e+03
1.668500000000000000e+03
1.736500000000000000e+03
1.587500000000000000e+03
1.637000000000000000e+03
1.593500000000000000e+03
1.522500000000000000e+03
1.537500000000000000e+03
1.646000000000000000e+03
1.667000000000000000e+03
1.626500000000000000e+03
1.762000000000000000e+03
1.646000000000000000e+03
1.633000000000000000e+03
1.608500000000000000e+03
1.665000000000000000e+03
1.567500000000000000e+03
1.539500000000000000e+03
1.669000000000000000e+03
1.638500000000000000e+03
1.582000000000000000e+03
1.588500000000000000e+03
1.587000000000000000e+03
1.599500000000000000e+03
1.733000000000000000e+03
1.551000000000000000e+03
1.629000000000000000e+03
1.648500000000000000e+03
1.712500000000000000e+03
1.735500000000000000e+03
1.655000000000000000e+03
1.699000000000000000e+03
1.712000000000000000e+03
1.725500000000000000e+03
1.639500000000000000e+03
1.678000000000000000e+03
1.623000000000000000e+03
1.673000000000000000e+03
1.691000000000000000e+03
1.669500000000000000e+03
1.639000000000000000e+03
1.740500000000000000e+03
1.700000000000000000e+03
1.764000000000000000e+03
1.717500000000000000e+03
1.712500000000000000e+03
1.746000000000000000e+03
1.725000000000000000e+03
1.718500000000000000e+03
1.699500000000000000e+03
1.686000000000000000e+03
1.716500000000000000e+03
1.571000000000000000e+03
1.627000000000000000e+03
1.657500000000000000e+03
1.702500000000000000e+03
1.558000000000000000e+03
1.616500000000000000e+03
1.704000000000000000e+03
1.539500000000000000e+03
1.579000000000000000e+03
1.678000000000000000e+03
1.658000000000000000e+03
1.660500000000000000e+03
1.705500000000000000e+03
1.737500000000000000e+03
1.659500000000000000e+03
1.695500000000000000e+03
1.765500000000000000e+03
1.769000000000000000e+03
1.653500000000000000e+03
1.655500000000000000e+03
1.689500000000000000e+03
1.655500000000000000e+03
1.685500000000000000e+03
1.730500000000000000e+03
1.674000000000000000e+03
1.701500000000000000e+03
1.671000000000000000e+03
1.696500000000000000e+03
1.683500000000000000e+03
1.582000000000000000e+03
1.651500000000000000e+03
1.562000000000000000e+03
1.572500000000000000e+03
1.691500000000000000e+03
1.695000000000000000e+03
1.683500000000000000e+03
1.658500000000000000e+03
1.649000000000000000e+03
1.774500000000000000e+03
1.656000000000000000e+03
1.713000000000000000e+03
1.664000000000000000e+03
1.686500000000000000e+03
1.689500000000000000e+03
1.685000000000000000e+03
1.775000000000000000e+03
1.736500000000000000e+03
1.781000000000000000e+03
1.746500000000000000e+03
1.708000000000000000e+03
1.669500000000000000e+03
1.786500000000000000e+03
1.796000000000000000e+03
1.752500000000000000e+03
1.707000000000000000e+03
1.723500000000000000e+03
1.768500000000000000e+03
1.773500000000000000e+03
1.715500000000000000e+03
1.677500000000000000e+03
1.746000000000000000e+03
1.728000000000000000e+03
1.664500000000000000e+03
1.757500000000000000e+03
1.675000000000000000e+03
1.772000000000000000e+03
1.763000000000000000e+03
1.763500000000000000e+03
1.785000000000000000e+03
1.782500000000000000e+03
1.737500000000000000e+03
1.736000000000000000e+03
1.653500000000000000e+03
1.820500000000000000e+03
1.704500000000000000e+03
1.815500000000000000e+03
1.799500000000000000e+03
1.680000000000000000e+03
1.732500000000000000e+03
1.710000000000000000e+03
1.801000000000000000e+03
1.766000000000000000e+03
1.646000000000000000e+03
1.718500000000000000e+03
1.723000000000000000e+03
1.649000000000000000e+03
1.680500000000000000e+03
1.768000000000000000e+03
1.700500000000000000e+03
1.681000000000000000e+03
1.679000000000000000e+03
1.699000000000000000e+03
1.745000000000000000e+03
1.745500000000000000e+03
1.788500000000000000e+03
1.751000000000000000e+03
1.667500000000000000e+03
1.778500000000000000e+03
1.775500000000000000e+03
1.669500000000000000e+03
1.593000000000000000e+03
1.694000000000000000e+03
1.665500000000000000e+03
1.763000000000000000e+03
1.782000000000000000e+03
1.732000000000000000e+03
1.751000000000000000e+03
1.739000000000000000e+03
1.659500000000000000e+03
1.758000000000000000e+03
1.731500000000000000e+03
1.760000000000000000e+03
1.747000000000000000e+03
1.698500000000000000e+03
1.649000000000000000e+03
1.720000000000000000e+03
1.793000000000000000e+03
1.704000000000000000e+03
1.753000000000000000e+03
1.773000000000000000e+03
1.759500000000000000e+03
1.725500000000000000e+03
1.775500000000000000e+03
1.694500000000000000e+03
1.777500000000000000e+03
1.712000000000000000e+03
1.707000000000000000e+03
1.814000000000000000e+03
1.780000000000000000e+03
1.662000000000000000e+03
1.777500000000000000e+03
1.799500000000000000e+03
1.651500000000000000e+03
1.754000000000000000e+03
1.811500000000000000e+03
1.811000000000000000e+03
1.782000000000000000e+03
1.800500000000000000e+03
1.763500000000000000e+03
1.712000000000000000e+03
1.744500000000000000e+03
1.712500000000000000e+03
1.695000000000000000e+03
1.739500000000000000e+03
1.749000000000000000e+03
1.762500000000000000e+03
1.738000000000000000e+03
1.760500000000000000e+03
1.633000000000000000e+03
1.731500000000000000e+03
1.633500000000000000e+03
1.729500000000000000e+03
1.689000000000000000e+03
1.652500000000000000e+03
1.739000000000000000e+03
1.766000000000000000e+03
1.740000000000000000e+03
1.686500000000000000e+03
1.677500000000000000e+03
1.738500000000000000e+03
1.768000000000000000e+03
1.807500000000000000e+03
1.722500000000000000e+03
1.767000000000000000e+03
1.801000000000000000e+03
1.771000000000000000e+03
1.789000000000000000e+03
1.683000000000000000e+03
1.722000000000000000e+03
1.715500000000000000e+03
1.807000000000000000e+03
1.728000000000000000e+03
1.768000000000000000e+03
1.713000000000000000e+03
1.755000000000000000e+03
1.673500000000000000e+03
1.748000000000000000e+03
1.834000000000000000e+03
1.689000000000000000e+03
1.801000000000000000e+03
1.727500000000000000e+03
1.683500000000000000e+03
1.787000000000000000e+03
1.778000000000000000e+03
1.785500000000000000e+03
1.778000000000000000e+03
1.675500000000000000e+03
1.735000000000000000e+03
1.682000000000000000e+03
1.767000000000000000e+03
1.765000000000000000e+03
1.792000000000000000e+03
1.752500000000000000e+03
1.661000000000000000e+03
1.751500000000000000e+03
1.780500000000000000e+03
1.716500000000000000e+03
1.786000000000000000e+03
1.751000000000000000e+03
1.679500000000000000e+03
1.678000000000000000e+03
1.740500000000000000e+03
1.729000000000000000e+03
1.745000000000000000e+03
1.729500000000000000e+03
1.729000000000000000e+03
1.753000000000000000e+03
1.734000000000000000e+03
1.749000000000000000e+03
1.762000000000000000e+03
1.789500000000000000e+03
1.747500000000000000e+03
1.723000000000000000e+03
1.774000000000000000e+03
1.774000000000000000e+03
1.716500000000000000e+03
1.774500000000000000e+03
1.708000000000000000e+03
1.704500000000000000e+03
1.704500000000000000e+03
1.778000000000000000e+03
1.719500000000000000e+03
1.794500000000000000e+03
1.805000000000000000e+03
1.773500000000000000e+03
1.709000000000000000e+03
1.611500000000000000e+03
1.749500000000000000e+03
1.725000000000000000e+03
1.775000000000000000e+03
1.765000000000000000e+03
1.626000000000000000e+03
1.787000000000000000e+03
1.724500000000000000e+03
1.710000000000000000e+03
1.789000000000000000e+03
1.751000000000000000e+03
1.762500000000000000e+03
1.813500000000000000e+03
1.786000000000000000e+03
1.687000000000000000e+03
1.775500000000000000e+03
1.811500000000000000e+03
1.861000000000000000e+03
1.779000000000000000e+03
1.762500000000000000e+03
1.774500000000000000e+03
1.794000000000000000e+03
1.736000000000000000e+03
1.732500000000000000e+03
1.816500000000000000e+03
1.817500000000000000e+03
1.708000000000000000e+03
1.704500000000000000e+03
1.796000000000000000e+03
1.807500000000000000e+03
1.808000000000000000e+03
1.771500000000000000e+03
1.749000000000000000e+03
1.770500000000000000e+03
1.697500000000000000e+03
1.671000000000000000e+03
1.726500000000000000e+03
1.655000000000000000e+03
1.805500000000000000e+03
1.758500000000000000e+03
1.692000000000000000e+03
1.829000000000000000e+03
1.780500000000000000e+03
1.689500000000000000e+03
1.596500000000000000e+03
1.785500000000000000e+03
1.775500000000000000e+03
1.761500000000000000e+03
1.700000000000000000e+03
1.784500000000000000e+03
1.814500000000000000e+03
1.757500000000000000e+03
1.742500000000000000e+03
1.738500000000000000e+03
1.708000000000000000e+03
1.804500000000000000e+03
1.762500000000000000e+03
1.763000000000000000e+03
1.774000000000000000e+03
1.815500000000000000e+03
1.791000000000000000e+03
1.816000000000000000e+03
1.735500000000000000e+03
1.753500000000000000e+03
1.791500000000000000e+03
1.695500000000000000e+03
1.761000000000000000e+03
1.786500000000000000e+03
1.652500000000000000e+03
1.760500000000000000e+03
1.735500000000000000e+03
1.813000000000000000e+03
1.806000000000000000e+03
1.792500000000000000e+03
1.642000000000000000e+03
1.727000000000000000e+03
1.700000000000000000e+03
1.768000000000000000e+03
1.707000000000000000e+03
1.787000000000000000e+03
1.762000000000000000e+03
1.749500000000000000e+03
1.785000000000000000e+03
1.757500000000000000e+03
1.761000000000000000e+03
1.750500000000000000e+03
1.755500000000000000e+03
1.739000000000000000e+03
1.765000000000000000e+03
1.778500000000000000e+03
1.799000000000000000e+03
1.748000000000000000e+03
1.751000000000000000e+03
1.775000000000000000e+03
1.841000000000000000e+03
1.771000000000000000e+03
1.807000000000000000e+03
1.838500000000000000e+03
1.803000000000000000e+03
1.796500000000000000e+03
1.739000000000000000e+03
1.766000000000000000e+03
1.793000000000000000e+03
1.771500000000000000e+03
1.685000000000000000e+03
1.788500000000000000e+03
1.793500000000000000e+03
1.789000000000000000e+03
1.721000000000000000e+03
1.795500000000000000e+03
1.788500000000000000e+03
1.742500000000000000e+03
1.784000000000000000e+03
1.647500000000000000e+03
1.708500000000000000e+03
1.778000000000000000e+03
1.731500000000000000e+03
1.706500000000000000e+03
1.752000000000000000e+03
1.756000000000000000e+03
1.697000000000000000e+03
1.708000000000000000e+03
1.748500000000000000e+03
1.779500000000000000e+03
1.744000000000000000e+03
1.782500000000000000e+03
1.717000000000000000e+03
1.765000000000000000e+03
1.726000000000000000e+03
1.750000000000000000e+03
1.827000000000000000e+03
1.745000000000000000e+03
1.819000000000000000e+03
1.751500000000000000e+03
1.827500000000000000e+03
1.749500000000000000e+03
1.794500000000000000e+03
1.800000000000000000e+03
1.778000000000000000e+03
1.809000000000000000e+03
1.817500000000000000e+03
1.778000000000000000e+03
1.681500000000000000e+03
1.732000000000000000e+03
1.733000000000000000e+03
1.715500000000000000e+03
1.735500000000000000e+03
1.769500000000000000e+03
1.780500000000000000e+03
1.750000000000000000e+03
1.791500000000000000e+03
1.779500000000000000e+03
1.747000000000000000e+03
1.776000000000000000e+03
1.783500000000000000e+03
1.751000000000000000e+03
1.719000000000000000e+03
1.766500000000000000e+03
1.753500000000000000e+03
1.770500000000000000e+03
1.748500000000000000e+03
1.750500000000000000e+03
1.788000000000000000e+03
1.760500000000000000e+03
1.793500000000000000e+03
1.745500000000000000e+03
1.761000000000000000e+03
1.766500000000000000e+03
1.757500000000000000e+03
1.658000000000000000e+03
1.668500000000000000e+03
1.726500000000000000e+03
1.750500000000000000e+03
1.645000000000000000e+03
1.729500000000000000e+03
1.693000000000000000e+03
1.691500000000000000e+03
1.684500000000000000e+03
1.872500000000000000e+03
1.741000000000000000e+03
1.707000000000000000e+03
1.687000000000000000e+03
1.726000000000000000e+03
1.705000000000000000e+03
1.714500000000000000e+03
1.660000000000000000e+03
1.669000000000000000e+03
1.663000000000000000e+03
1.718500000000000000e+03
1.685000000000000000e+03
1.703000000000000000e+03
1.779000000000000000e+03
1.821500000000000000e+03
1.749500000000000000e+03
1.751500000000000000e+03
1.712000000000000000e+03
1.793500000000000000e+03
1.706500000000000000e+03
1.755500000000000000e+03
1.773500000000000000e+03
1.757500000000000000e+03
1.729500000000000000e+03
1.784000000000000000e+03
1.738500000000000000e+03
1.706500000000000000e+03
1.615500000000000000e+03
1.687500000000000000e+03
1.696000000000000000e+03
1.655500000000000000e+03
1.780500000000000000e+03
1.726000000000000000e+03
1.833500000000000000e+03
1.680000000000000000e+03
1.597500000000000000e+03
1.669500000000000000e+03
1.681000000000000000e+03
1.739000000000000000e+03
1.790500000000000000e+03
1.771000000000000000e+03
1.748000000000000000e+03
1.744000000000000000e+03
1.749500000000000000e+03
1.836000000000000000e+03
1.832500000000000000e+03
1.808000000000000000e+03
1.804500000000000000e+03
1.896000000000000000e+03
1.871500000000000000e+03
1.849000000000000000e+03
1.870500000000000000e+03
1.797500000000000000e+03
1.771000000000000000e+03
1.826500000000000000e+03
1.755000000000000000e+03
1.858500000000000000e+03
1.792000000000000000e+03
1.789500000000000000e+03
1.696500000000000000e+03
1.795500000000000000e+03
1.861000000000000000e+03
1.752500000000000000e+03
1.860500000000000000e+03
1.835500000000000000e+03
1.742000000000000000e+03
1.775500000000000000e+03
1.811500000000000000e+03
1.779000000000000000e+03
1.762500000000000000e+03
1.774500000000000000e+03
1.794000000000000000e+03
1.736000000000000000e+03
1.732500000000000000e+03
1.816500000000000000e+03
1.817500000000000000e+03
1.708000000000000000e+03
1.704500000000000000e+03
1.796000000000000000e+03
1.807500000000000000e+03
1.808000000000000000e+03
1.771500000000000000e+03
1.749000000000000000e+03
1.770500000000000000e+03
1.697500000000000000e+03
1.671000000000000000e+03
1.726500000000000000e+03
1.655000000000000000e+03
1.805500000000000000e+03
1.758500000000000000e+03
1.692000000000000000e+03
1.829000000000000000e+03
1.780500000000000000e+03
1.689500000000000000e+03
1.596500000000000000e+03
1.785500000000000000e+03
1.775500000000000000e+03
1.761500000000000000e+03
1.700000000000000000e+03
1.784500000000000000e+03
1.814500000000000000e+03
1.757500000000000000e+03
1.742500000000000000e+03
1.738500000000000000e+03
1.708000000000000000e+03
1.804500000000000000e+03
1.762500000000000000e+03
1.763000000000000000e+03
1.774000000000000000e+03
1.815500000000000000e+03
1.791000000000000000e+03
1.816000000000000000e+03
1.735500000000000000e+03
1.753500000000000000e+03
1.791500000000000000e+03
1.695500000000000000e+03
1.761000000000000000e+03
1.786500000000000000e+03
1.652500000000000000e+03
1.760500000000000000e+03
1.735500000000000000e+03
1.813000000000000000e+03
1.806000000000000000e+03
1.792500000000000000e+03
1.642000000000000000e+03
1.727000000000000000e+03
1.700000000000000000e+03
1.768000000000000000e+03
1.707000000000000000e+03
1.787000000000000000e+03
1.762000000000000000e+03
1.749500000000000000e+03
1.785000000000000000e+03
1.757500000000000000e+03
1.761000000000000000e+03
1.750500000000000000e+03
1.755500000000000000e+03
1.739000000000000000e+03
1.765000000000000000e+03
1.778500000000000000e+03
1.799000000000000000e+03
1.748000000000000000e+03
1.751000000000000000e+03
1.775000000000000000e+03
1.841000000000000000e+03
1.771000000000000000e+03
1.807000000000000000e+03
1.838500000000000000e+03
1.803000000000000000e+03
1.796500000000000000e+03
1.739000000000000000e+03
1.766000000000000000e+03
1.793000000000000000e+03
1.771500000000000000e+03
1.685000000000000000e+03
1.788500000000000000e+03
1.793500000000000000e+03
1.789000000000000000e+03
1.721000000000000000e+03
1.795500000000000000e+03
1.788500000000000000e+03
1.742500000000000000e+03
1.784000000000000000e+03
1.647500000000000000e+03
1.708500000000000000e+03
1.778000000000000000e+03
1.731500000000000000e+03
1.706500000000000000e+03
1.752000000000000000e+03
1.756000000000000000e+03
1.697000000000000000e+03
1.708000000000000000e+03
1.748500000000000000e+03
1.779500000000000000e+03
1.744000000000000000e+03
1.782500000000000000e+03
1.717000000000000000e+03
1.765000000000000000e+03
1.726000000000000000e+03
1.750000000000000000e+03
1.827000000000000000e+03
1.745000000000000000e+03
1.819000000000000000e+03
1.751500000000000000e+03
1.827500000000000000e+03
1.749500000000000000e+03
1.794500000000000000e+03
1.800000000000000000e+03
1.778000000000000000e+03
1.809000000000000000e+03
1.817500000000000000e+03
1.778000000000000000e+03
1.681500000000000000e+03
1.732000000000000000e+03
1.733000000000000000e+03
1.715500000000000000e+03
1.735500000000000000e+03
1.769500000000000000e+03
1.780500000000000000e+03
1.750000000000000000e+03
1.791500000000000000e+03
1.779500000000000000e+03
1.747000000000000000e+03
1.776000000000000000e+03
1.783500000000000000e+03
1.751000000000000000e+03
1.719000000000000000e+03
1.766500000000000000e+03
1.753500000000000000e+03
1.770500000000000000e+03
1.748500000000000000e+03
1.750500000000000000e+03
1.788000000000000000e+03
1.760500000000000000e+03
1.793500000000000000e+03
1.745500000000000000e+03
1.761000000000000000e+03
1.766500000000000000e+03
1.757500000000000000e+03
1.658000000000000000e+03
1.668500000000000000e+03
1.726500000000000000e+03
1.750500000000000000e+03
1.645000000000000000e+03
1.729500000000000000e+03
1.693000000000000000e+03
1.691500000000000000e+03
1.684500000000000000e+03
1.872500000000000000e+03
1.741000000000000000e+03
1.707000000000000000e+03
1.687000000000000000e+03
1.726000000000000000e+03
1.705000000000000000e+03
1.714500000000000000e+03
1.660000000000000000e+03
1.669000000000000000e+03
1.663000000000000000e+03
1.718500000000000000e+03
1.685000000000000000e+03
1.703000000000000000e+03
1.779000000000000000e+03
1.821500000000000000e+03
1.749500000000000000e+03
1.751500000000000000e+03
1.712000000000000000e+03
1.793500000000000000e+03
1.706500000000000000e+03
1.755500000000000000e+03
1.773500000000000000e+03
1.757500000000000000e+03
1.729500000000000000e+03
1.784000000000000000e+03
1.738500000000000000e+03
1.706500000000000000e+03
1.615500000000000000e+03
1.687500000000000000e+03
1.696000000000000000e+03
1.655500000000000000e+03
1.780500000000000000e+03
1.726000000000000000e+03
1.633500000000000000e+03
1.680000000000000000e+03
1.597500000000000000e+03
1.669500000000000000e+03
1.681000000000000000e+03
1.739000000000000000e+03
1.790500000000000000e+03
1.771000000000000000e+03
1.748000000000000000e+03
1.744000000000000000e+03
1.749500000000000000e+03
1.775500000000000000e+03
1.611500000000000000e+03
1.661000000000000000e+03
1.779000000000000000e+03
1.762500000000000000e+03
1.774500000000000000e+03
1.794000000000000000e+03
1.736000000000000000e+03
1.732500000000000000e+03
1.616500000000000000e+03
1.617500000000000000e+03
1.708000000000000000e+03
1.704500000000000000e+03
1.796000000000000000e+03
1.807500000000000000e+03
1.808000000000000000e+03
1.771500000000000000e+03
1.749000000000000000e+03
1.770500000000000000e+03
1.697500000000000000e+03
1.671000000000000000e+03
1.726500000000000000e+03
1.655000000000000000e+03
1.805500000000000000e+03
1.758500000000000000e+03
1.692000000000000000e+03
1.829000000000000000e+03
1.780500000000000000e+03
1.689500000000000000e+03
1.596500000000000000e+03
1.785500000000000000e+03
1.775500000000000000e+03
1.761500000000000000e+03
1.700000000000000000e+03
1.784500000000000000e+03
1.614500000000000000e+03
1.757500000000000000e+03
1.742500000000000000e+03
1.738500000000000000e+03
1.708000000000000000e+03
1.604500000000000000e+03
1.762500000000000000e+03
1.763000000000000000e+03
1.774000000000000000e+03
1.615500000000000000e+03
1.791000000000000000e+03
1.616000000000000000e+03
1.735500000000000000e+03
1.753500000000000000e+03
1.791500000000000000e+03
1.695500000000000000e+03
1.761000000000000000e+03
1.786500000000000000e+03
1.652500000000000000e+03
1.760500000000000000e+03
1.735500000000000000e+03
1.813000000000000000e+03
1.806000000000000000e+03
1.792500000000000000e+03
1.642000000000000000e+03
1.727000000000000000e+03
1.700000000000000000e+03
1.768000000000000000e+03
1.707000000000000000e+03
1.787000000000000000e+03
1.762000000000000000e+03
1.749500000000000000e+03
1.785000000000000000e+03
1.757500000000000000e+03
1.761000000000000000e+03
1.750500000000000000e+03
1.755500000000000000e+03
1.739000000000000000e+03
1.765000000000000000e+03
1.778500000000000000e+03
1.799000000000000000e+03
1.748000000000000000e+03
1.751000000000000000e+03
1.775000000000000000e+03
1.841000000000000000e+03
1.771000000000000000e+03
1.807000000000000000e+03
1.838500000000000000e+03
1.803000000000000000e+03
1.796500000000000000e+03
1.739000000000000000e+03
1.766000000000000000e+03
1.793000000000000000e+03
1.771500000000000000e+03
1.685000000000000000e+03
1.788500000000000000e+03
1.793500000000000000e+03
1.789000000000000000e+03
1.721000000000000000e+03
1.795500000000000000e+03
1.788500000000000000e+03
1.742500000000000000e+03
1.784000000000000000e+03
1.647500000000000000e+03
1.708500000000000000e+03
1.778000000000000000e+03
1.731500000000000000e+03
1.706500000000000000e+03
1.752000000000000000e+03
1.756000000000000000e+03
1.697000000000000000e+03
1.708000000000000000e+03
1.748500000000000000e+03
1.779500000000000000e+03
1.744000000000000000e+03
1.782500000000000000e+03
1.717000000000000000e+03
1.765000000000000000e+03
1.726000000000000000e+03
1.750000000000000000e+03
1.827000000000000000e+03
1.745000000000000000e+03
1.819000000000000000e+03
1.751500000000000000e+03
1.827500000000000000e+03
1.749500000000000000e+03
1.794500000000000000e+03
1.800000000000000000e+03
1.778000000000000000e+03
1.809000000000000000e+03
1.817500000000000000e+03
1.778000000000000000e+03
1.681500000000000000e+03
1.732000000000000000e+03
1.733000000000000000e+03
1.715500000000000000e+03
1.735500000000000000e+03
1.769500000000000000e+03
1.780500000000000000e+03
1.750000000000000000e+03
1.791500000000000000e+03
1.779500000000000000e+03
1.747000000000000000e+03
1.776000000000000000e+03
1.783500000000000000e+03
1.751000000000000000e+03
1.719000000000000000e+03
1.766500000000000000e+03
1.753500000000000000e+03
1.770500000000000000e+03
1.748500000000000000e+03
1.750500000000000000e+03
1.788000000000000000e+03
1.760500000000000000e+03
1.793500000000000000e+03
1.745500000000000000e+03
1.761000000000000000e+03
1.766500000000000000e+03
1.757500000000000000e+03
1.658000000000000000e+03
1.668500000000000000e+03
1.726500000000000000e+03
1.750500000000000000e+03
1.645000000000000000e+03
1.729500000000000000e+03
1.693000000000000000e+03
1.691500000000000000e+03
1.684500000000000000e+03
1.872500000000000000e+03
1.741000000000000000e+03
1.707000000000000000e+03
1.687000000000000000e+03
1.726000000000000000e+03
1.705000000000000000e+03
1.714500000000000000e+03
1.660000000000000000e+03
1.669000000000000000e+03
1.663000000000000000e+03
1.718500000000000000e+03
1.685000000000000000e+03
1.703000000000000000e+03
1.779000000000000000e+03
1.821500000000000000e+03
1.749500000000000000e+03
1.751500000000000000e+03
1.712000000000000000e+03
1.793500000000000000e+03
1.706500000000000000e+03
1.755500000000000000e+03
1.773500000000000000e+03
1.757500000000000000e+03
1.729500000000000000e+03
1.784000000000000000e+03
1.738500000000000000e+03
1.706500000000000000e+03
1.615500000000000000e+03
1.687500000000000000e+03
1.696000000000000000e+03
1.655500000000000000e+03
1.780500000000000000e+03
1.726000000000000000e+03
1.833500000000000000e+03
1.680000000000000000e+03
1.597500000000000000e+03
1.669500000000000000e+03
1.681000000000000000e+03
1.639000000000000000e+03
1.690500000000000000e+03
1.671000000000000000e+03
1.648000000000000000e+03
1.644000000000000000e+03
1.649500000000000000e+03