-2.355000000000000000e+02
-1.595000000000000000e+02
-1.160000000000000000e+02
-1.515000000000000000e+02
-1.260000000000000000e+02
-1.535000000000000000e+02
-2.010000000000000000e+02
-1.440000000000000000e+02
-2.290000000000000000e+02
-1.740000000000000000e+02
-2.120000000000000000e+02
-1.635000000000000000e+02
-1.925000000000000000e+02
-1.135000000000000000e+02
-1.890000000000000000e+02
-1.695000000000000000e+02
-1.595000000000000000e+02
-2.675000000000000000e+02
-1.335000000000000000e+02
-1.740000000000000000e+02
-1.890000000000000000e+02
-1.190000000000000000e+02
-1.900000000000000000e+02
-1.940000000000000000e+02
-1.480000000000000000e+02
-1.845000000000000000e+02
-1.205000000000000000e+02
-1.370000000000000000e+02
-1.280000000000000000e+02
-5.050000000000000000e+01
-1.850000000000000000e+02
-9.900000000000000000e+01
-8.900000000000000000e+01
-1.650000000000000000e+02
-1.705000000000000000e+02
-1.700000000000000000e+01
-8.250000000000000000e+01
-1.760000000000000000e+02
-2.005000000000000000e+02
-1.050000000000000000e+01
-1.080000000000000000e+02
-9.600000000000000000e+01
-9.900000000000000000e+01
-9.550000000000000000e+01
-1.855000000000000000e+02
-2.730000000000000000e+02
-1.155000000000000000e+02
-5.500000000000000000e+01
-1.585000000000000000e+02
-8.750000000000000000e+01
-1.260000000000000000e+02
-8.800000000000000000e+01
-2.065000000000000000e+02
-8.800000000000000000e+01
-3.200000000000000000e+01
-1.355000000000000000e+02
-9.050000000000000000e+01
-9.000000000000000000e+00
-5.400000000000000000e+01
-1.845000000000000000e+02
-1.815000000000000000e+02
3.150000000000000000e+01
-6.000000000000000000e+01
-3.500000000000000000e+01
-9.500000000000000000e+00
-1.250000000000000000e+01
-3.550000000000000000e+01
-1.235000000000000000e+02
9.000000000000000000e+00
-5.150000000000000000e+01
-9.600000000000000000e+01
-3.750000000000000000e+01
-1.090000000000000000e+02
-9.750000000000000000e+01
-1.450000000000000000e+01
-1.370000000000000000e+02
1.850000000000000000e+01
-1.175000000000000000e+02
3.400000000000000000e+01
-1.150000000000000000e+01
-6.950000000000000000e+01
2.650000000000000000e+01
-1.135000000000000000e+02
-1.900000000000000000e+01
-6.500000000000000000e+01
-2.050000000000000000e+01
-6.600000000000000000e+01
-1.265000000000000000e+02
-3.350000000000000000e+01
-4.250000000000000000e+01
-1.060000000000000000e+02
1.100000000000000000e+01
-8.450000000000000000e+01
8.500000000000000000e+01
4.150000000000000000e+01
-8.000000000000000000e+00
-2.000000000000000000e+00
-7.950000000000000000e+01
1.900000000000000000e+01
5.000000000000000000e+00
1.330000000000000000e+02
1.900000000000000000e+01
-4.450000000000000000e+01
5.550000000000000000e+01
-9.900000000000000000e+01
-4.200000000000000000e+01
3.200000000000000000e+01
9.600000000000000000e+01
1.900000000000000000e+02
5.250000000000000000e+01
3.100000000000000000e+01
8.950000000000000000e+01
5.750000000000000000e+01
2.500000000000000000e+01
7.800000000000000000e+01
3.950000000000000000e+01
1.075000000000000000e+02
1.570000000000000000e+02
1.055000000000000000e+02
6.600000000000000000e+01
4.050000000000000000e+01
3.750000000000000000e+01
9.050000000000000000e+01
1.060000000000000000e+02
2.400000000000000000e+01
1.515000000000000000e+02
2.280000000000000000e+02
7.400000000000000000e+01
1.370000000000000000e+02
9.450000000000000000e+01
4.850000000000000000e+01
4.400000000000000000e+01
3.850000000000000000e+01
2.450000000000000000e+01
1.530000000000000000e+02
1.005000000000000000e+02
9.600000000000000000e+01
6.000000000000000000e+01
-1.500000000000000000e+00
2.500000000000000000e+00
1.845000000000000000e+02
1.395000000000000000e+02
1.845000000000000000e+02
2.015000000000000000e+02
-2.350000000000000000e+01
1.895000000000000000e+02
1.505000000000000000e+02
2.285000000000000000e+02
2.535000000000000000e+02
1.430000000000000000e+02
1.325000000000000000e+02
2.380000000000000000e+02
1.605000000000000000e+02
1.440000000000000000e+02
2.000000000000000000e+02
1.305000000000000000e+02
1.220000000000000000e+02
9.150000000000000000e+01
1.215000000000000000e+02
2.105000000000000000e+02
3.210000000000000000e+02
1.900000000000000000e+02
2.235000000000000000e+02
1.815000000000000000e+02
1.425000000000000000e+02
2.465000000000000000e+02
1.510000000000000000e+02
1.760000000000000000e+02
2.965000000000000000e+02
9.650000000000000000e+01
1.955000000000000000e+02
1.625000000000000000e+02
2.060000000000000000e+02
1.970000000000000000e+02
2.005000000000000000e+02
2.440000000000000000e+02
1.885000000000000000e+02
1.870000000000000000e+02
2.140000000000000000e+02
1.900000000000000000e+02
2.380000000000000000e+02
2.620000000000000000e+02
2.250000000000000000e+02
2.530000000000000000e+02
2.725000000000000000e+02
9.700000000000000000e+01
2.100000000000000000e+02
3.180000000000000000e+02
2.525000000000000000e+02
3.320000000000000000e+02
3.785000000000000000e+02
2.230000000000000000e+02
2.990000000000000000e+02
2.735000000000000000e+02
2.905000000000000000e+02
2.625000000000000000e+02
2.945000000000000000e+02
3.520000000000000000e+02
2.765000000000000000e+02
2.005000000000000000e+02
2.695000000000000000e+02
4.975000000000000000e+02
3.535000000000000000e+02
3.380000000000000000e+02
3.360000000000000000e+02
3.655000000000000000e+02
2.405000000000000000e+02
3.880000000000000000e+02
3.760000000000000000e+02
3.655000000000000000e+02
3.950000000000000000e+02
3.365000000000000000e+02
3.110000000000000000e+02
3.745000000000000000e+02
2.555000000000000000e+02
3.010000000000000000e+02
3.490000000000000000e+02
3.425000000000000000e+02
4.915000000000000000e+02
3.990000000000000000e+02
3.770000000000000000e+02
4.575000000000000000e+02
3.875000000000000000e+02
3.255000000000000000e+02
4.700000000000000000e+02
3.260000000000000000e+02
3.925000000000000000e+02
2.670000000000000000e+02
3.840000000000000000e+02
5.270000000000000000e+02
4.160000000000000000e+02
3.745000000000000000e+02
2.845000000000000000e+02
4.240000000000000000e+02
3.840000000000000000e+02
2.605000000000000000e+02
3.660000000000000000e+02
3.775000000000000000e+02
4.040000000000000000e+02
4.445000000000000000e+02
4.280000000000000000e+02
3.845000000000000000e+02
4.530000000000000000e+02
4.540000000000000000e+02
5.060000000000000000e+02
4.810000000000000000e+02
3.775000000000000000e+02
4.325000000000000000e+02
5.010000000000000000e+02
4.320000000000000000e+02
5.270000000000000000e+02
5.220000000000000000e+02
4.710000000000000000e+02
4.585000000000000000e+02
4.760000000000000000e+02
5.720000000000000000e+02
4.900000000000000000e+02
5.045000000000000000e+02
4.295000000000000000e+02
5.480000000000000000e+02
4.955000000000000000e+02
5.635000000000000000e+02
5.740000000000000000e+02
4.260000000000000000e+02
6.020000000000000000e+02
5.805000000000000000e+02
5.200000000000000000e+02
5.605000000000000000e+02
5.655000000000000000e+02
5.670000000000000000e+02
6.000000000000000000e+02
5.680000000000000000e+02
4.360000000000000000e+02
5.260000000000000000e+02
5.795000000000000000e+02
4.565000000000000000e+02
6.045000000000000000e+02
6.825000000000000000e+02
6.070000000000000000e+02
6.305000000000000000e+02
6.905000000000000000e+02
5.930000000000000000e+02
5.725000000000000000e+02
5.745000000000000000e+02
6.220000000000000000e+02
6.675000000000000000e+02
5.800000000000000000e+02
5.645000000000000000e+02
5.825000000000000000e+02
5.925000000000000000e+02
4.410000000000000000e+02
6.265000000000000000e+02
6.900000000000000000e+02
6.675000000000000000e+02
5.930000000000000000e+02
7.265000000000000000e+02
5.830000000000000000e+02
7.680000000000000000e+02
6.480000000000000000e+02
6.185000000000000000e+02
7.455000000000000000e+02
6.965000000000000000e+02
6.370000000000000000e+02
6.060000000000000000e+02
5.555000000000000000e+02
6.085000000000000000e+02
6.140000000000000000e+02
6.635000000000000000e+02
7.345000000000000000e+02
5.155000000000000000e+02
6.435000000000000000e+02
7.265000000000000000e+02
5.720000000000000000e+02
7.225000000000000000e+02
7.380000000000000000e+02
6.540000000000000000e+02
7.125000000000000000e+02
7.335000000000000000e+02
6.575000000000000000e+02
6.485000000000000000e+02
6.885000000000000000e+02
7.640000000000000000e+02
5.880000000000000000e+02
7.480000000000000000e+02
5.870000000000000000e+02
9.905000000000000000e+02
8.350000000000000000e+02
7.295000000000000000e+02
7.025000000000000000e+02
6.795000000000000000e+02
7.500000000000000000e+02
7.340000000000000000e+02
6.065000000000000000e+02
5.925000000000000000e+02
7.280000000000000000e+02
6.495000000000000000e+02
7.525000000000000000e+02
7.030000000000000000e+02
8.810000000000000000e+02
6.540000000000000000e+02
8.180000000000000000e+02
9.155000000000000000e+02
8.220000000000000000e+02
8.950000000000000000e+02
7.400000000000000000e+02
7.300000000000000000e+02
8.765000000000000000e+02
8.035000000000000000e+02
6.925000000000000000e+02
7.830000000000000000e+02
7.160000000000000000e+02
8.750000000000000000e+02
8.110000000000000000e+02
7.720000000000000000e+02
7.880000000000000000e+02
8.865000000000000000e+02
8.700000000000000000e+02
6.830000000000000000e+02
8.580000000000000000e+02
7.620000000000000000e+02
7.515000000000000000e+02
8.200000000000000000e+02
7.980000000000000000e+02
8.200000000000000000e+02
8.290000000000000000e+02
6.440000000000000000e+02
8.485000000000000000e+02
6.895000000000000000e+02
1.050500000000000000e+03
8.205000000000000000e+02
8.915000000000000000e+02
8.930000000000000000e+02
6.740000000000000000e+02
8.355000000000000000e+02
9.085000000000000000e+02
8.350000000000000000e+02
8.925000000000000000e+02
9.370000000000000000e+02
8.565000000000000000e+02
8.020000000000000000e+02
9.520000000000000000e+02
9.595000000000000000e+02
8.605000000000000000e+02
9.125000000000000000e+02
8.725000000000000000e+02
8.295000000000000000e+02
8.305000000000000000e+02
8.700000000000000000e+02
9.265000000000000000e+02
8.885000000000000000e+02
9.270000000000000000e+02
9.830000000000000000e+02
8.770000000000000000e+02
8.865000000000000000e+02
9.195000000000000000e+02
7.165000000000000000e+02
7.555000000000000000e+02
9.070000000000000000e+02
8.045000000000000000e+02
8.925000000000000000e+02
8.040000000000000000e+02
1.018000000000000000e+03
8.815000000000000000e+02
8.670000000000000000e+02
8.890000000000000000e+02
8.225000000000000000e+02
9.810000000000000000e+02
8.865000000000000000e+02
9.095000000000000000e+02
1.100000000000000000e+03
1.062500000000000000e+03
9.445000000000000000e+02
1.035000000000000000e+03
9.615000000000000000e+02
1.046000000000000000e+03
9.920000000000000000e+02
9.400000000000000000e+02
9.910000000000000000e+02
9.670000000000000000e+02
8.925000000000000000e+02
1.067500000000000000e+03
9.685000000000000000e+02
9.870000000000000000e+02
1.179000000000000000e+03
1.101000000000000000e+03
9.200000000000000000e+02
1.084500000000000000e+03
1.058000000000000000e+03
9.795000000000000000e+02
1.036500000000000000e+03
1.170000000000000000e+03
9.530000000000000000e+02
1.090500000000000000e+03
1.129500000000000000e+03
1.059500000000000000e+03
1.220500000000000000e+03
8.830000000000000000e+02
1.065500000000000000e+03
1.182000000000000000e+03
9.545000000000000000e+02
1.146000000000000000e+03
1.175000000000000000e+03
1.034500000000000000e+03
1.121000000000000000e+03
1.105500000000000000e+03
1.228500000000000000e+03
1.019500000000000000e+03
1.285000000000000000e+03
1.089000000000000000e+03
1.057500000000000000e+03
1.233500000000000000e+03
1.163500000000000000e+03
1.159000000000000000e+03
1.058000000000000000e+03
1.127500000000000000e+03
1.185000000000000000e+03
1.233500000000000000e+03
1.200500000000000000e+03
1.204500000000000000e+03
1.085500000000000000e+03
1.195000000000000000e+03
1.220500000000000000e+03
9.720000000000000000e+02
1.203500000000000000e+03
1.257000000000000000e+03
1.004500000000000000e+03
1.276500000000000000e+03
1.185000000000000000e+03
1.029000000000000000e+03
1.076000000000000000e+03
1.124500000000000000e+03
1.243500000000000000e+03
1.029000000000000000e+03
1.159000000000000000e+03
1.169500000000000000e+03
1.045000000000000000e+03
1.180500000000000000e+03
1.208500000000000000e+03
1.284500000000000000e+03
1.120000000000000000e+03
1.062500000000000000e+03
1.184000000000000000e+03
1.053500000000000000e+03
1.229500000000000000e+03
1.213000000000000000e+03
1.169000000000000000e+03
1.244500000000000000e+03
1.192000000000000000e+03
1.316000000000000000e+03
1.223000000000000000e+03
1.246500000000000000e+03
1.295000000000000000e+03
1.330500000000000000e+03
1.390000000000000000e+03
1.248500000000000000e+03
1.274000000000000000e+03
1.282500000000000000e+03
1.203500000000000000e+03
1.287500000000000000e+03
1.333500000000000000e+03
1.372000000000000000e+03
1.136500000000000000e+03
1.226000000000000000e+03
1.259000000000000000e+03
1.372500000000000000e+03
1.257000000000000000e+03
1.368500000000000000e+03
1.209500000000000000e+03
1.172000000000000000e+03
1.116500000000000000e+03
1.280000000000000000e+03
1.298500000000000000e+03
1.207500000000000000e+03
1.337500000000000000e+03
1.249500000000000000e+03
1.332500000000000000e+03
1.162500000000000000e+03
1.392000000000000000e+03
1.211500000000000000e+03
1.401000000000000000e+03
1.499500000000000000e+03
1.426500000000000000e+03
1.381000000000000000e+03
1.346000000000000000e+03
1.422500000000000000e+03
1.261500000000000000e+03
1.333000000000000000e+03
1.405500000000000000e+03
1.311000000000000000e+03
1.355000000000000000e+03
1.406000000000000000e+03
1.395000000000000000e+03
1.379000000000000000e+03
1.439500000000000000e+03
1.338500000000000000e+03
1.409500000000000000e+03
1.407000000000000000e+03
1.314500000000000000e+03
1.385500000000000000e+03
1.402000000000000000e+03
1.453000000000000000e+03
1.393500000000000000e+03
1.384500000000000000e+03
1.406000000000000000e+03
1.343000000000000000e+03
1.393500000000000000e+03
1.277500000000000000e+03
1.482000000000000000e+03
1.354500000000000000e+03
1.456000000000000000e+03
1.461000000000000000e+03
1.491500000000000000e+03
1.406000000000000000e+03
1.207500000000000000e+03
1.505000000000000000e+03
1.479500000000000000e+03
1.441000000000000000e+03
1.440000000000000000e+03
1.441500000000000000e+03
1.444000000000000000e+03
1.531000000000000000e+03
1.445000000000000000e+03
1.516500000000000000e+03
1.540500000000000000e+03
1.419500000000000000e+03
1.480500000000000000e+03
1.417000000000000000e+03
1.545000000000000000e+03
1.498000000000000000e+03
1.499000000000000000e+03
1.523500000000000000e+03
1.533500000000000000e+03
1.476500000000000000e+03
1.500500000000000000e+03
1.623000000000000000e+03
1.497000000000000000e+03
1.494500000000000000e+03
1.599000000000000000e+03
1.490000000000000000e+03
1.525500000000000000e+03
1.515000000000000000e+03
1.494500000000000000e+03
1.595500000000000000e+03
1.491000000000000000e+03
1.424000000000000000e+03
1.573500000000000000e+03
1.432000000000000000e+03
1.608500000000000000e+03
1.496000000000000000e+03
1.604500000000000000e+03
1.609500000000000000e+03
1.582000000000000000e+03
1.547500000000000000e+03
1.471000000000000000e+03
1.540000000000000000e+03
1.532000000000000000e+03
1.462000000000000000e+03
1.524500000000000000e+03
1.516000000000000000e+03
1.607000000000000000e+03
1.653500000000000000e+03
1.544500000000000000e+03
1.431500000000000000e+03
1.567000000000000000e+03
1.427500000000000000e+03
1.505500000000000000e+03
1.635500000000000000e+03
1.600500000000000000e+03
1.538000000000000000e+03
1.631500000000000000e+03
1.504500000000000000e+03
1.615000000000000000e+03
1.617500000000000000e+03
1.524000000000000000e+03
1.574000000000000000e+03
1.571000000000000000e+03
1.577000000000000000e+03
1.619000000000000000e+03
1.685000000000000000e+03
1.638500000000000000e+03
1.529500000000000000e+03
1.341000000000000000e+03
1.588500000000000000e+03
1.627000000000000000e+03
1.624500000000000000e+03
1.585500000000000000e+03
1.705000000000000000e+03
1.675000000000000000e+03
1.645000000000000000e+03
1.758500000000000000e+03
1.604000000000000000e+03
1.651000000000000000e+03
1.691000000000000000e+03
1.631000000000000000e+03
1.679000000000000000e+03
1.667000000000000000e+03
1.527000000000000000e+03
1.705000000000000000e+03
1.725000000000000000e+03
1.688500000000000000e+03
1.731500000000000000e+03
1.669500000000000000e+03
1.676500000000000000e+03
1.616500000000000000e+03
1.760500000000000000e+03
1.782500000000000000e+03
1.689000000000000000e+03
1.787500000000000000e+03
1.775000000000000000e+03
1.817000000000000000e+03
1.732500000000000000e+03
1.805500000000000000e+03
1.709500000000000000e+03
1.675000000000000000e+03
1.806500000000000000e+03
1.781500000000000000e+03
1.794000000000000000e+03
1.730000000000000000e+03
1.763000000000000000e+03
1.817000000000000000e+03
1.726000000000000000e+03
1.797000000000000000e+03
1.721500000000000000e+03
1.844500000000000000e+03
1.783000000000000000e+03
1.743000000000000000e+03
1.720000000000000000e+03
1.702500000000000000e+03
1.699000000000000000e+03
1.728500000000000000e+03
1.761000000000000000e+03
1.809000000000000000e+03
1.835000000000000000e+03
1.764500000000000000e+03
1.657500000000000000e+03
1.737000000000000000e+03
1.786000000000000000e+03
1.844000000000000000e+03
1.865000000000000000e+03
1.885000000000000000e+03
1.824500000000000000e+03
1.806500000000000000e+03
1.733000000000000000e+03
1.714000000000000000e+03
1.816000000000000000e+03
1.723500000000000000e+03
1.875500000000000000e+03
1.834000000000000000e+03
1.864000000000000000e+03
1.786500000000000000e+03
1.842000000000000000e+03
1.505500000000000000e+03
1.693000000000000000e+03
1.859500000000000000e+03
1.747000000000000000e+03
1.732000000000000000e+03
1.663000000000000000e+03
1.730500000000000000e+03
1.853500000000000000e+03
1.825000000000000000e+03
1.738000000000000000e+03
1.878500000000000000e+03
1.880500000000000000e+03
1.601000000000000000e+03
1.628000000000000000e+03
1.872000000000000000e+03
1.919000000000000000e+03
1.883500000000000000e+03
1.915500000000000000e+03
1.916000000000000000e+03
1.888000000000000000e+03
1.878000000000000000e+03
1.784500000000000000e+03
1.826500000000000000e+03
1.873000000000000000e+03
1.865500000000000000e+03
1.920000000000000000e+03
1.891000000000000000e+03
1.915500000000000000e+03
1.860500000000000000e+03
1.824500000000000000e+03
1.914500000000000000e+03
1.898500000000000000e+03
1.943000000000000000e+03
1.847500000000000000e+03
1.875500000000000000e+03
1.891500000000000000e+03
1.861500000000000000e+03
1.901000000000000000e+03
1.858000000000000000e+03
1.871500000000000000e+03
1.900500000000000000e+03
1.935000000000000000e+03
1.895500000000000000e+03
1.910000000000000000e+03
1.894000000000000000e+03
1.878500000000000000e+03
1.840500000000000000e+03
1.837500000000000000e+03
1.852000000000000000e+03
1.864000000000000000e+03
1.888500000000000000e+03
1.886500000000000000e+03
1.923000000000000000e+03
1.878000000000000000e+03
1.842000000000000000e+03
1.913500000000000000e+03
1.884000000000000000e+03
1.906500000000000000e+03
1.871500000000000000e+03
1.877000000000000000e+03
1.883000000000000000e+03
1.897500000000000000e+03
1.923500000000000000e+03
1.813000000000000000e+03
1.894000000000000000e+03
1.765500000000000000e+03
1.831500000000000000e+03
1.763000000000000000e+03
1.787000000000000000e+03
1.814000000000000000e+03
1.818500000000000000e+03
1.799500000000000000e+03
1.858000000000000000e+03
1.870000000000000000e+03
1.925500000000000000e+03
1.921500000000000000e+03
1.917500000000000000e+03
1.872000000000000000e+03
1.849000000000000000e+03
1.909000000000000000e+03
1.842500000000000000e+03
1.839000000000000000e+03
1.907500000000000000e+03
1.918000000000000000e+03
1.877500000000000000e+03
1.874500000000000000e+03
1.875000000000000000e+03
1.924500000000000000e+03
1.926000000000000000e+03
1.891500000000000000e+03
1.797000000000000000e+03
1.857500000000000000e+03
1.907000000000000000e+03
1.930500000000000000e+03
1.906500000000000000e+03
1.861500000000000000e+03
1.900500000000000000e+03
1.861000000000000000e+03
1.672000000000000000e+03
1.607000000000000000e+03
1.673000000000000000e+03
1.844000000000000000e+03
1.768500000000000000e+03
1.858500000000000000e+03
1.866000000000000000e+03
1.889500000000000000e+03
1.890500000000000000e+03
1.840500000000000000e+03
1.893000000000000000e+03
1.912500000000000000e+03
1.915000000000000000e+03
1.869500000000000000e+03
1.883000000000000000e+03
1.923000000000000000e+03
1.947000000000000000e+03
1.946500000000000000e+03
1.952000000000000000e+03
1.925500000000000000e+03
1.907500000000000000e+03
1.930000000000000000e+03
1.907000000000000000e+03
1.933500000000000000e+03
1.946500000000000000e+03
1.847000000000000000e+03
1.928500000000000000e+03
1.911500000000000000e+03
1.936500000000000000e+03
1.930500000000000000e+03
1.916500000000000000e+03
1.923000000000000000e+03
1.933000000000000000e+03
1.952500000000000000e+03
1.890000000000000000e+03
1.915000000000000000e+03
1.921000000000000000e+03
1.868000000000000000e+03
1.922500000000000000e+03
1.903000000000000000e+03
1.931000000000000000e+03
1.881000000000000000e+03
1.909000000000000000e+03
1.876500000000000000e+03
1.932000000000000000e+03
1.922500000000000000e+03
1.876000000000000000e+03
1.881000000000000000e+03
1.887000000000000000e+03
1.932500000000000000e+03
1.922500000000000000e+03
1.893000000000000000e+03
1.909000000000000000e+03
1.919000000000000000e+03
1.914000000000000000e+03
1.880500000000000000e+03
1.908000000000000000e+03
1.921500000000000000e+03
1.935500000000000000e+03
1.897500000000000000e+03
1.935000000000000000e+03
1.938000000000000000e+03
1.928000000000000000e+03
1.919500000000000000e+03
1.904000000000000000e+03
1.903000000000000000e+03
1.923000000000000000e+03
1.906500000000000000e+03
1.903000000000000000e+03
1.907000000000000000e+03
1.934500000000000000e+03
1.904000000000000000e+03
1.901500000000000000e+03
1.914000000000000000e+03
1.911500000000000000e+03
1.895000000000000000e+03
1.911000000000000000e+03
1.894500000000000000e+03
1.862000000000000000e+03
1.886500000000000000e+03
1.920500000000000000e+03
1.852500000000000000e+03
1.927000000000000000e+03
1.900500000000000000e+03
1.901000000000000000e+03
1.932000000000000000e+03
1.873000000000000000e+03
1.860000000000000000e+03
1.878500000000000000e+03
1.902500000000000000e+03
1.865000000000000000e+03
1.898500000000000000e+03
1.930500000000000000e+03
1.925500000000000000e+03
1.865500000000000000e+03
1.882000000000000000e+03
1.919000000000000000e+03
1.900500000000000000e+03
1.918000000000000000e+03
1.937500000000000000e+03
1.911500000000000000e+03
1.908500000000000000e+03
1.818500000000000000e+03
1.943000000000000000e+03
1.939000000000000000e+03
1.909000000000000000e+03
1.827500000000000000e+03
1.837000000000000000e+03
1.929000000000000000e+03
1.882500000000000000e+03
1.881000000000000000e+03
1.907000000000000000e+03
1.913500000000000000e+03
1.906500000000000000e+03
1.854500000000000000e+03
1.880000000000000000e+03
1.810000000000000000e+03
1.885500000000000000e+03
1.886000000000000000e+03
1.914000000000000000e+03
1.898500000000000000e+03
1.883500000000000000e+03
1.894500000000000000e+03
1.910500000000000000e+03
1.891000000000000000e+03
1.934000000000000000e+03
1.880500000000000000e+03
1.876000000000000000e+03
1.915500000000000000e+03
1.912500000000000000e+03
1.897500000000000000e+03
1.911000000000000000e+03
1.911500000000000000e+03
1.896500000000000000e+03
1.928000000000000000e+03
1.909000000000000000e+03
1.854500000000000000e+03
1.893500000000000000e+03
1.922500000000000000e+03
1.874000000000000000e+03
1.887000000000000000e+03
1.884000000000000000e+03
1.896500000000000000e+03
1.937500000000000000e+03
1.916000000000000000e+03
1.875500000000000000e+03
1.889000000000000000e+03
1.834000000000000000e+03
1.931500000000000000e+03
1.929500000000000000e+03
1.928500000000000000e+03
1.924000000000000000e+03
1.871500000000000000e+03
1.946500000000000000e+03
1.881000000000000000e+03
1.896500000000000000e+03
1.890500000000000000e+03
1.913500000000000000e+03
1.904500000000000000e+03
1.947000000000000000e+03
1.909500000000000000e+03
1.888500000000000000e+03
1.876000000000000000e+03
1.910000000000000000e+03
1.877500000000000000e+03
1.921500000000000000e+03
1.931500000000000000e+03
1.933500000000000000e+03
1.927000000000000000e+03
1.938500000000000000e+03
1.933500000000000000e+03
1.908000000000000000e+03
1.879000000000000000e+03
1.909500000000000000e+03
1.914000000000000000e+03
1.893000000000000000e+03
1.917000000000000000e+03
1.913000000000000000e+03
1.918000000000000000e+03
1.904000000000000000e+03
1.932000000000000000e+03
1.892500000000000000e+03
1.937500000000000000e+03
1.916000000000000000e+03
1.940000000000000000e+03
1.878500000000000000e+03
1.868500000000000000e+03
1.901000000000000000e+03
1.891500000000000000e+03
1.920500000000000000e+03
1.914000000000000000e+03
1.906500000000000000e+03
1.942500000000000000e+03
1.938000000000000000e+03
1.898500000000000000e+03
1.905500000000000000e+03
1.886000000000000000e+03
1.906000000000000000e+03
1.874500000000000000e+03
1.879500000000000000e+03
1.865500000000000000e+03
1.883500000000000000e+03
1.860000000000000000e+03
1.865500000000000000e+03
1.891000000000000000e+03
1.913000000000000000e+03
1.891500000000000000e+03
1.809500000000000000e+03
1.851000000000000000e+03
1.927500000000000000e+03
1.861500000000000000e+03
1.844000000000000000e+03
1.905000000000000000e+03
1.919500000000000000e+03
1.930000000000000000e+03
1.949500000000000000e+03
1.917500000000000000e+03
1.897500000000000000e+03
1.925000000000000000e+03
1.929000000000000000e+03
1.892000000000000000e+03
1.914000000000000000e+03
1.890500000000000000e+03
1.862000000000000000e+03
1.919500000000000000e+03
1.914500000000000000e+03
1.912000000000000000e+03
1.896000000000000000e+03
1.892500000000000000e+03
1.901000000000000000e+03
1.941500000000000000e+03
1.899500000000000000e+03
1.938000000000000000e+03
1.855500000000000000e+03
1.866000000000000000e+03
1.918000000000000000e+03
1.904000000000000000e+03
1.930000000000000000e+03
1.876500000000000000e+03
1.863000000000000000e+03
1.916000000000000000e+03
1.869500000000000000e+03
1.825500000000000000e+03
1.892000000000000000e+03
1.920500000000000000e+03
1.932500000000000000e+03
1.917500000000000000e+03
1.929000000000000000e+03
1.897500000000000000e+03
1.900000000000000000e+03
1.878500000000000000e+03
1.907500000000000000e+03
1.885500000000000000e+03
1.891000000000000000e+03
1.903500000000000000e+03
1.879500000000000000e+03
1.921000000000000000e+03
1.918500000000000000e+03
1.896000000000000000e+03
1.891500000000000000e+03
1.919000000000000000e+03
1.915500000000000000e+03
1.902000000000000000e+03
1.910000000000000000e+03
1.949500000000000000e+03
1.923500000000000000e+03
1.906000000000000000e+03
1.905000000000000000e+03
1.911500000000000000e+03
1.911500000000000000e+03
1.887500000000000000e+03
1.919500000000000000e+03
1.892000000000000000e+03
1.936500000000000000e+03
1.934000000000000000e+03
1.955000000000000000e+03
1.916000000000000000e+03
1.913500000000000000e+03
1.918500000000000000e+03
1.913500000000000000e+03
1.839500000000000000e+03
1.905500000000000000e+03
1.836500000000000000e+03
1.836000000000000000e+03
1.900500000000000000e+03
1.925000000000000000e+03
1.885500000000000000e+03
1.848000000000000000e+03
1.944500000000000000e+03
1.922500000000000000e+03
1.882000000000000000e+03
1.840000000000000000e+03
1.906000000000000000e+03
1.941500000000000000e+03
1.938500000000000000e+03
1.903500000000000000e+03
1.924500000000000000e+03
1.888500000000000000e+03
1.799500000000000000e+03
1.904500000000000000e+03
1.905000000000000000e+03
1.893000000000000000e+03
1.856500000000000000e+03
1.865000000000000000e+03
1.863000000000000000e+03
1.895500000000000000e+03
1.907500000000000000e+03
1.911500000000000000e+03
1.908500000000000000e+03
1.888500000000000000e+03
1.924000000000000000e+03
1.875500000000000000e+03
1.911000000000000000e+03
1.882000000000000000e+03
1.926000000000000000e+03
1.885000000000000000e+03
1.887500000000000000e+03
1.899500000000000000e+03
1.923000000000000000e+03
1.943000000000000000e+03
1.901500000000000000e+03
1.916500000000000000e+03
1.943500000000000000e+03
1.865500000000000000e+03
1.856500000000000000e+03
1.873000000000000000e+03
1.916000000000000000e+03
1.902000000000000000e+03
1.913000000000000000e+03
1.893000000000000000e+03
1.909500000000000000e+03
1.906500000000000000e+03
1.938500000000000000e+03
1.925000000000000000e+03
1.887500000000000000e+03
1.904500000000000000e+03
1.935000000000000000e+03
1.912000000000000000e+03
1.891000000000000000e+03
1.896500000000000000e+03
1.917000000000000000e+03
1.890500000000000000e+03
1.939000000000000000e+03
1.929000000000000000e+03
1.935500000000000000e+03
1.938500000000000000e+03
1.891000000000000000e+03
1.922500000000000000e+03
1.919500000000000000e+03
1.885500000000000000e+03
1.906000000000000000e+03
1.892500000000000000e+03
1.893500000000000000e+03
1.903000000000000000e+03
1.925000000000000000e+03
1.953000000000000000e+03
1.925000000000000000e+03
1.919500000000000000e+03
1.917500000000000000e+03
1.940000000000000000e+03
1.887000000000000000e+03
1.951500000000000000e+03
1.918000000000000000e+03
1.882500000000000000e+03
1.887000000000000000e+03
1.887000000000000000e+03
1.889000000000000000e+03
1.870000000000000000e+03
1.852000000000000000e+03
1.915000000000000000e+03
1.919000000000000000e+03
1.913500000000000000e+03
1.912000000000000000e+03
1.899500000000000000e+03
1.936500000000000000e+03
1.936500000000000000e+03
1.914500000000000000e+03
1.904000000000000000e+03
1.923000000000000000e+03
1.904500000000000000e+03
1.919000000000000000e+03
1.910500000000000000e+03
1.893500000000000000e+03
1.912000000000000000e+03
1.912500000000000000e+03
1.929000000000000000e+03
1.916000000000000000e+03
1.905000000000000000e+03
1.930000000000000000e+03
1.947500000000000000e+03
1.910500000000000000e+03
1.891000000000000000e+03
1.882500000000000000e+03
1.894000000000000000e+03
1.929000000000000000e+03
1.936000000000000000e+03
1.906000000000000000e+03
1.911000000000000000e+03
1.919000000000000000e+03
1.924000000000000000e+03
1.938500000000000000e+03
1.947000000000000000e+03
1.902000000000000000e+03
1.909000000000000000e+03
1.928000000000000000e+03
1.915500000000000000e+03
1.911000000000000000e+03
1.890000000000000000e+03
1.909500000000000000e+03
1.904500000000000000e+03
1.919000000000000000e+03
1.932000000000000000e+03
1.918500000000000000e+03
1.892000000000000000e+03
1.884000000000000000e+03
1.869500000000000000e+03
1.911500000000000000e+03
1.905000000000000000e+03
1.889500000000000000e+03
1.889500000000000000e+03
1.908500000000000000e+03
1.929500000000000000e+03
1.906000000000000000e+03
1.924000000000000000e+03
1.928000000000000000e+03
1.933000000000000000e+03
1.905000000000000000e+03
1.935500000000000000e+03
1.906000000000000000e+03
1.923500000000000000e+03
1.886500000000000000e+03
1.906500000000000000e+03
1.872500000000000000e+03
1.899000000000000000e+03
1.893500000000000000e+03
1.932500000000000000e+03
1.916500000000000000e+03
1.906000000000000000e+03
1.929000000000000000e+03
1.873000000000000000e+03
1.937000000000000000e+03
1.839000000000000000e+03
1.910500000000000000e+03
1.897000000000000000e+03
1.926000000000000000e+03
1.914000000000000000e+03
1.902500000000000000e+03
1.920500000000000000e+03
1.914500000000000000e+03
1.869500000000000000e+03
1.876500000000000000e+03
1.916500000000000000e+03
1.909000000000000000e+03
1.900500000000000000e+03
1.893000000000000000e+03
1.813500000000000000e+03
1.921500000000000000e+03
1.932000000000000000e+03
1.935500000000000000e+03
1.915000000000000000e+03
1.865500000000000000e+03
1.873500000000000000e+03
1.879000000000000000e+03
1.950000000000000000e+03
1.903500000000000000e+03
1.883500000000000000e+03
1.892000000000000000e+03
1.900500000000000000e+03
1.925500000000000000e+03
1.912500000000000000e+03
1.922000000000000000e+03
1.919500000000000000e+03
1.911000000000000000e+03
1.898500000000000000e+03
1.911000000000000000e+03
1.885000000000000000e+03
1.904500000000000000e+03
1.934000000000000000e+03
1.939000000000000000e+03
1.945500000000000000e+03
1.896500000000000000e+03
1.932000000000000000e+03
1.900000000000000000e+03
1.927500000000000000e+03
1.926500000000000000e+03
1.934500000000000000e+03
1.898500000000000000e+03
1.925500000000000000e+03
1.907500000000000000e+03
1.916500000000000000e+03
1.923500000000000000e+03
1.922000000000000000e+03
1.915000000000000000e+03
1.885500000000000000e+03
1.910000000000000000e+03
1.893000000000000000e+03
1.914000000000000000e+03
1.919000000000000000e+03
1.889000000000000000e+03
1.950000000000000000e+03
1.894000000000000000e+03
1.944000000000000000e+03
1.925500000000000000e+03
1.921000000000000000e+03
1.914500000000000000e+03
1.928500000000000000e+03
1.886500000000000000e+03
1.906500000000000000e+03
1.940500000000000000e+03
1.937000000000000000e+03
1.930000000000000000e+03
1.879500000000000000e+03
1.920000000000000000e+03
1.877000000000000000e+03
1.920500000000000000e+03
1.925000000000000000e+03
1.914000000000000000e+03
1.919000000000000000e+03
1.888000000000000000e+03
1.918000000000000000e+03
1.911500000000000000e+03
1.918500000000000000e+03
1.910000000000000000e+03
1.899000000000000000e+03
1.896000000000000000e+03
1.938500000000000000e+03
1.896000000000000000e+03
1.936000000000000000e+03
1.888000000000000000e+03
1.892500000000000000e+03
1.937500000000000000e+03
1.896500000000000000e+03
1.867500000000000000e+03
1.910000000000000000e+03
1.924500000000000000e+03
1.926000000000000000e+03
1.926000000000000000e+03
1.948500000000000000e+03
1.899000000000000000e+03
1.894500000000000000e+03
1.920000000000000000e+03
1.922500000000000000e+03
1.928500000000000000e+03
1.913000000000000000e+03
1.912500000000000000e+03
1.920000000000000000e+03
1.919000000000000000e+03
1.924000000000000000e+03
1.924500000000000000e+03
1.931500000000000000e+03
1.881000000000000000e+03
1.922500000000000000e+03
1.940500000000000000e+03
1.929500000000000000e+03
1.893000000000000000e+03
1.911500000000000000e+03
1.911000000000000000e+03
1.934500000000000000e+03
1.919000000000000000e+03
1.899000000000000000e+03
1.929500000000000000e+03
1.886000000000000000e+03
1.912500000000000000e+03
1.914000000000000000e+03
1.927000000000000000e+03
1.925500000000000000e+03
1.923500000000000000e+03
1.886500000000000000e+03
1.905500000000000000e+03
1.918000000000000000e+03
1.930500000000000000e+03
1.861000000000000000e+03
1.919000000000000000e+03
1.929000000000000000e+03
1.898500000000000000e+03
1.881000000000000000e+03
1.920000000000000000e+03
1.890000000000000000e+03
1.929000000000000000e+03
1.922000000000000000e+03
1.918500000000000000e+03
1.929000000000000000e+03
1.904000000000000000e+03
1.933000000000000000e+03
1.910000000000000000e+03
1.911500000000000000e+03
1.925000000000000000e+03
1.898000000000000000e+03
1.910500000000000000e+03
1.929000000000000000e+03
1.919500000000000000e+03
1.918000000000000000e+03
1.937500000000000000e+03
1.925000000000000000e+03
1.925000000000000000e+03
1.941500000000000000e+03
1.893000000000000000e+03
1.899500000000000000e+03
1.937000000000000000e+03
1.910000000000000000e+03
1.930000000000000000e+03
1.917000000000000000e+03
1.896000000000000000e+03
1.903500000000000000e+03
1.941000000000000000e+03
1.910500000000000000e+03
1.895000000000000000e+03
1.925500000000000000e+03
1.925500000000000000e+03
1.932000000000000000e+03
1.909000000000000000e+03
1.935500000000000000e+03
1.910000000000000000e+03
1.927500000000000000e+03
1.909500000000000000e+03
1.909000000000000000e+03
1.919000000000000000e+03
1.935500000000000000e+03
1.903500000000000000e+03
1.945000000000000000e+03
1.892500000000000000e+03
1.934000000000000000e+03
1.909000000000000000e+03
1.920000000000000000e+03
1.939000000000000000e+03
1.913000000000000000e+03
1.909500000000000000e+03
1.889500000000000000e+03
1.929000000000000000e+03
1.856500000000000000e+03
1.928500000000000000e+03
1.897000000000000000e+03
1.880000000000000000e+03
1.919500000000000000e+03
1.921500000000000000e+03
1.875500000000000000e+03
1.898000000000000000e+03
1.918000000000000000e+03
1.878000000000000000e+03
1.920500000000000000e+03
1.894500000000000000e+03
1.926000000000000000e+03
1.906000000000000000e+03
1.934500000000000000e+03
1.900500000000000000e+03
1.948000000000000000e+03
1.912000000000000000e+03
1.888500000000000000e+03
1.869500000000000000e+03
1.897500000000000000e+03
1.923500000000000000e+03
1.916500000000000000e+03
1.916000000000000000e+03
1.887000000000000000e+03
1.918500000000000000e+03
1.923000000000000000e+03
1.917500000000000000e+03
1.925000000000000000e+03
1.920000000000000000e+03
1.898000000000000000e+03
1.940000000000000000e+03
1.936500000000000000e+03
1.906500000000000000e+03
1.911000000000000000e+03
1.940500000000000000e+03
1.898500000000000000e+03
1.899500000000000000e+03
1.899500000000000000e+03
1.942000000000000000e+03
1.924000000000000000e+03
1.908500000000000000e+03
1.909000000000000000e+03
1.936000000000000000e+03
1.894500000000000000e+03
1.904500000000000000e+03
1.889000000000000000e+03
1.913500000000000000e+03
1.941000000000000000e+03
1.931500000000000000e+03
1.892000000000000000e+03
1.926500000000000000e+03
1.903000000000000000e+03
1.909000000000000000e+03
1.904500000000000000e+03
1.904000000000000000e+03
1.884500000000000000e+03
1.930500000000000000e+03
1.911000000000000000e+03
1.922000000000000000e+03
1.923500000000000000e+03
1.919500000000000000e+03
1.905500000000000000e+03
1.895000000000000000e+03
1.916000000000000000e+03
1.905500000000000000e+03
1.920500000000000000e+03
1.908500000000000000e+03
1.891500000000000000e+03
1.921000000000000000e+03
1.899000000000000000e+03
1.932500000000000000e+03
1.942500000000000000e+03
1.894500000000000000e+03
1.910000000000000000e+03
1.907500000000000000e+03
1.881000000000000000e+03
1.940000000000000000e+03
1.914500000000000000e+03
1.926000000000000000e+03
1.919500000000000000e+03
1.913500000000000000e+03
1.910000000000000000e+03
1.925000000000000000e+03
1.922000000000000000e+03
1.929000000000000000e+03
1.879500000000000000e+03
1.896500000000000000e+03
1.893000000000000000e+03
1.897000000000000000e+03
1.910000000000000000e+03
1.941000000000000000e+03
1.950000000000000000e+03
1.799500000000000000e+03
1.938000000000000000e+03
1.936000000000000000e+03
1.882000000000000000e+03
1.920500000000000000e+03
1.911500000000000000e+03
1.875500000000000000e+03
1.897000000000000000e+03
1.911000000000000000e+03
1.917500000000000000e+03
1.912000000000000000e+03
1.932000000000000000e+03
1.888500000000000000e+03
1.925000000000000000e+03
1.896500000000000000e+03
1.940000000000000000e+03
1.897500000000000000e+03
1.899000000000000000e+03
1.914500000000000000e+03
1.884500000000000000e+03
1.917000000000000000e+03
1.901500000000000000e+03
1.911000000000000000e+03
1.873000000000000000e+03
1.936000000000000000e+03
1.888000000000000000e+03
1.893000000000000000e+03
1.912000000000000000e+03
1.930500000000000000e+03
1.904500000000000000e+03
1.888500000000000000e+03
1.896000000000000000e+03
1.942500000000000000e+03
1.938500000000000000e+03
1.911000000000000000e+03
1.915500000000000000e+03
1.936500000000000000e+03
1.852000000000000000e+03
1.953000000000000000e+03
1.887000000000000000e+03
1.891500000000000000e+03
1.932500000000000000e+03
1.875500000000000000e+03
1.925500000000000000e+03
1.888000000000000000e+03
1.923000000000000000e+03
1.925000000000000000e+03
1.910000000000000000e+03
1.929000000000000000e+03
1.940500000000000000e+03
1.919000000000000000e+03
1.910000000000000000e+03
1.914500000000000000e+03
1.918500000000000000e+03
1.924000000000000000e+03
1.937500000000000000e+03
1.863000000000000000e+03
1.922500000000000000e+03
1.919000000000000000e+03
1.938500000000000000e+03
1.910000000000000000e+03
1.919000000000000000e+03
1.922000000000000000e+03
1.913500000000000000e+03
1.932000000000000000e+03
1.905500000000000000e+03
1.916500000000000000e+03
1.910000000000000000e+03
1.929500000000000000e+03
1.909000000000000000e+03
1.892500000000000000e+03
1.909000000000000000e+03
1.916000000000000000e+03
1.915000000000000000e+03
1.909000000000000000e+03
1.918500000000000000e+03
1.887500000000000000e+03
1.899500000000000000e+03
1.898500000000000000e+03
1.892500000000000000e+03
1.893500000000000000e+03
1.903500000000000000e+03
1.925000000000000000e+03
1.924000000000000000e+03
1.916500000000000000e+03
1.930000000000000000e+03
1.839500000000000000e+03
1.924000000000000000e+03
1.906500000000000000e+03
1.890500000000000000e+03
1.895500000000000000e+03
1.930000000000000000e+03
1.900500000000000000e+03
1.921000000000000000e+03
1.873000000000000000e+03
1.896000000000000000e+03
1.934000000000000000e+03
1.905500000000000000e+03
1.863000000000000000e+03
1.906000000000000000e+03
1.910000000000000000e+03
1.926000000000000000e+03
1.930000000000000000e+03
1.904000000000000000e+03
1.924000000000000000e+03
1.944000000000000000e+03
1.926000000000000000e+03
1.886000000000000000e+03
1.840000000000000000e+03
1.897500000000000000e+03
1.895000000000000000e+03
1.904500000000000000e+03
1.931500000000000000e+03
1.892000000000000000e+03
1.839000000000000000e+03
1.892000000000000000e+03
1.944500000000000000e+03
1.929000000000000000e+03
1.915500000000000000e+03
1.940500000000000000e+03
1.887500000000000000e+03
1.923000000000000000e+03
1.885500000000000000e+03
1.928500000000000000e+03
1.899500000000000000e+03
1.899000000000000000e+03
1.899500000000000000e+03
1.928500000000000000e+03
1.892500000000000000e+03
1.907500000000000000e+03
1.906000000000000000e+03
1.918000000000000000e+03
1.856500000000000000e+03
1.904000000000000000e+03
1.945000000000000000e+03
1.912500000000000000e+03
1.933000000000000000e+03
1.940500000000000000e+03
1.887500000000000000e+03
1.924500000000000000e+03
1.938500000000000000e+03
1.914000000000000000e+03
1.928000000000000000e+03
1.922000000000000000e+03
1.927000000000000000e+03
1.945500000000000000e+03
1.929500000000000000e+03
1.899500000000000000e+03
1.926000000000000000e+03
1.885000000000000000e+03
1.920000000000000000e+03
1.882500000000000000e+03
1.925500000000000000e+03
1.948500000000000000e+03
1.936500000000000000e+03
1.920500000000000000e+03
1.905000000000000000e+03
1.917500000000000000e+03
1.896000000000000000e+03
1.909500000000000000e+03
1.923500000000000000e+03
1.919500000000000000e+03
1.929000000000000000e+03
1.922500000000000000e+03
1.916500000000000000e+03
1.921500000000000000e+03
1.929000000000000000e+03
1.919000000000000000e+03
1.911000000000000000e+03
1.924500000000000000e+03
1.918000000000000000e+03
1.926000000000000000e+03
1.932000000000000000e+03
1.939000000000000000e+03
1.940000000000000000e+03
1.914000000000000000e+03
1.918000000000000000e+03
1.909000000000000000e+03
1.903500000000000000e+03
1.910000000000000000e+03
1.889500000000000000e+03
1.904500000000000000e+03
1.920500000000000000e+03
1.937000000000000000e+03
1.940000000000000000e+03
1.904000000000000000e+03
1.936500000000000000e+03
1.927500000000000000e+03
1.876500000000000000e+03
1.913500000000000000e+03
1.825500000000000000e+03
1.902000000000000000e+03
1.898000000000000000e+03
1.886500000000000000e+03
1.911500000000000000e+03
1.914000000000000000e+03
1.900500000000000000e+03
1.899500000000000000e+03
1.924000000000000000e+03
1.898500000000000000e+03
1.892000000000000000e+03
1.918500000000000000e+03
1.911000000000000000e+03
1.885500000000000000e+03
1.889000000000000000e+03
1.914000000000000000e+03
1.865500000000000000e+03
1.947000000000000000e+03
1.919000000000000000e+03
1.904000000000000000e+03
1.930000000000000000e+03
1.919000000000000000e+03
1.920500000000000000e+03
1.879000000000000000e+03
1.890000000000000000e+03
1.904500000000000000e+03
1.934000000000000000e+03
1.909500000000000000e+03
1.939000000000000000e+03
1.869500000000000000e+03
1.923000000000000000e+03
1.893000000000000000e+03
1.905000000000000000e+03
1.929000000000000000e+03
1.932000000000000000e+03
1.891000000000000000e+03
1.932500000000000000e+03
1.866000000000000000e+03
1.909000000000000000e+03
1.926500000000000000e+03
1.935500000000000000e+03
1.890000000000000000e+03
1.911500000000000000e+03
1.929500000000000000e+03
1.909000000000000000e+03
1.926000000000000000e+03
1.916500000000000000e+03
1.891000000000000000e+03
1.909500000000000000e+03
1.895000000000000000e+03
1.906000000000000000e+03
1.915000000000000000e+03
1.925000000000000000e+03
1.917500000000000000e+03
1.925500000000000000e+03
1.913500000000000000e+03
1.924500000000000000e+03
1.898000000000000000e+03
1.903000000000000000e+03
1.937000000000000000e+03
1.906500000000000000e+03
1.881000000000000000e+03
1.916000000000000000e+03
1.911000000000000000e+03
1.889500000000000000e+03
1.876500000000000000e+03
1.913000000000000000e+03
1.937000000000000000e+03
1.892500000000000000e+03
1.920000000000000000e+03
1.921500000000000000e+03
1.949500000000000000e+03
1.916000000000000000e+03
1.906000000000000000e+03
1.926000000000000000e+03
1.919000000000000000e+03
1.933000000000000000e+03
1.918500000000000000e+03
1.925000000000000000e+03
1.918000000000000000e+03
1.950000000000000000e+03
1.912500000000000000e+03
1.929000000000000000e+03
1.898500000000000000e+03
1.892000000000000000e+03
1.941500000000000000e+03
1.878000000000000000e+03
1.925000000000000000e+03
1.904500000000000000e+03
1.897500000000000000e+03
1.906000000000000000e+03
1.918500000000000000e+03
1.887000000000000000e+03
1.925000000000000000e+03
1.929000000000000000e+03
1.920000000000000000e+03
1.891500000000000000e+03
1.914500000000000000e+03
1.904500000000000000e+03
1.918500000000000000e+03
1.898000000000000000e+03
1.908500000000000000e+03
1.869500000000000000e+03
1.916000000000000000e+03
1.869500000000000000e+03
1.899000000000000000e+03
1.856500000000000000e+03
1.912000000000000000e+03
1.912000000000000000e+03
1.938500000000000000e+03
1.935500000000000000e+03
1.919000000000000000e+03
1.919500000000000000e+03
1.884000000000000000e+03
1.899000000000000000e+03
1.920500000000000000e+03
1.930500000000000000e+03
1.949500000000000000e+03
1.934500000000000000e+03
1.905500000000000000e+03
1.916500000000000000e+03
1.912500000000000000e+03
1.951500000000000000e+03
1.919000000000000000e+03
1.917500000000000000e+03
1.882000000000000000e+03
1.935500000000000000e+03
1.930000000000000000e+03
1.887000000000000000e+03
1.906500000000000000e+03
1.915000000000000000e+03
1.861500000000000000e+03
1.909500000000000000e+03
1.905000000000000000e+03
1.922000000000000000e+03
1.900500000000000000e+03
1.893500000000000000e+03
1.910500000000000000e+03
1.881000000000000000e+03
1.934000000000000000e+03
1.913500000000000000e+03
1.902000000000000000e+03
1.891000000000000000e+03
1.889000000000000000e+03
1.923500000000000000e+03
1.905000000000000000e+03
1.928000000000000000e+03
1.920000000000000000e+03
1.872500000000000000e+03
1.919500000000000000e+03
1.935000000000000000e+03
1.861000000000000000e+03
1.941500000000000000e+03
1.919500000000000000e+03
1.907500000000000000e+03
1.923500000000000000e+03
1.925500000000000000e+03
1.901000000000000000e+03
1.929000000000000000e+03
1.906000000000000000e+03
1.886500000000000000e+03
1.870000000000000000e+03
1.848000000000000000e+03
1.910500000000000000e+03
1.914500000000000000e+03
1.943500000000000000e+03
1.902500000000000000e+03
1.919500000000000000e+03
1.922500000000000000e+03
1.929000000000000000e+03
1.948000000000000000e+03
1.935500000000000000e+03
1.813500000000000000e+03
1.867500000000000000e+03
1.903000000000000000e+03
1.920000000000000000e+03
1.869500000000000000e+03
1.905500000000000000e+03
1.947500000000000000e+03
1.882500000000000000e+03
1.921000000000000000e+03
1.908500000000000000e+03
1.893000000000000000e+03
1.907500000000000000e+03
1.865500000000000000e+03
1.922500000000000000e+03
1.888500000000000000e+03
1.913500000000000000e+03
1.909000000000000000e+03
1.942000000000000000e+03
1.900500000000000000e+03
1.896000000000000000e+03
1.885000000000000000e+03
1.894000000000000000e+03
1.881000000000000000e+03
1.914500000000000000e+03
1.894000000000000000e+03
1.907500000000000000e+03
1.900000000000000000e+03
1.925000000000000000e+03
1.894500000000000000e+03
1.925500000000000000e+03
1.911500000000000000e+03
1.910500000000000000e+03
1.912500000000000000e+03
1.923500000000000000e+03
1.923500000000000000e+03
1.918000000000000000e+03
1.893000000000000000e+03
1.836500000000000000e+03
1.889500000000000000e+03
1.917000000000000000e+03
1.929000000000000000e+03
1.919000000000000000e+03
1.908500000000000000e+03
1.836000000000000000e+03
1.911000000000000000e+03
1.919500000000000000e+03
1.928500000000000000e+03
1.894500000000000000e+03
1.892000000000000000e+03
1.916000000000000000e+03
1.913000000000000000e+03
1.865000000000000000e+03
1.903500000000000000e+03
1.887000000000000000e+03
1.885500000000000000e+03
1.893000000000000000e+03
1.905000000000000000e+03
1.923500000000000000e+03
1.896500000000000000e+03
1.896000000000000000e+03
1.916000000000000000e+03
1.886500000000000000e+03
1.893500000000000000e+03
1.894500000000000000e+03
1.889000000000000000e+03
1.943000000000000000e+03
1.906000000000000000e+03
1.919500000000000000e+03
1.905000000000000000e+03
1.936500000000000000e+03
1.890500000000000000e+03
1.885500000000000000e+03
1.899500000000000000e+03
1.910500000000000000e+03
1.883500000000000000e+03
1.903500000000000000e+03
1.855500000000000000e+03
1.911500000000000000e+03
1.906000000000000000e+03
1.911500000000000000e+03
1.938500000000000000e+03
1.919500000000000000e+03
1.931500000000000000e+03
1.904500000000000000e+03
1.894500000000000000e+03
1.936000000000000000e+03
1.926500000000000000e+03
1.903500000000000000e+03
1.920000000000000000e+03
1.955000000000000000e+03
1.925000000000000000e+03
1.921000000000000000e+03
1.932500000000000000e+03
1.873500000000000000e+03
1.919500000000000000e+03
1.919500000000000000e+03
1.913000000000000000e+03
1.862000000000000000e+03
1.898500000000000000e+03
1.902000000000000000e+03
1.879500000000000000e+03
1.911000000000000000e+03
1.910500000000000000e+03
1.934500000000000000e+03
1.937500000000000000e+03
1.914000000000000000e+03
1.918000000000000000e+03
1.880000000000000000e+03
1.899000000000000000e+03
1.912000000000000000e+03
1.935500000000000000e+03
1.908500000000000000e+03
1.906500000000000000e+03
1.900000000000000000e+03
1.925500000000000000e+03
1.878500000000000000e+03
1.934500000000000000e+03
1.892000000000000000e+03
1.919000000000000000e+03
1.891000000000000000e+03
1.927500000000000000e+03
1.911500000000000000e+03
1.939000000000000000e+03
1.877000000000000000e+03
1.941000000000000000e+03
1.856500000000000000e+03
1.941500000000000000e+03